1.176 1.03118017261e-07
1.187 1.04356254191e-07
1.199 1.06156855434e-07
1.211 1.07966494014e-07
1.223 1.09321476612e-07
1.235 1.11142100812e-07
1.248 1.12608453722e-07
1.26 1.14438678234e-07
1.273 1.15901874388e-07
1.286 1.17359826746e-07
1.299 1.18812376715e-07
1.312 1.20259452142e-07
1.325 1.21701072281e-07
1.338 1.2313735264e-07
1.351 1.245685097e-07
1.365 1.26634250444e-07
1.378 1.28061895751e-07
1.392 1.29595138652e-07
1.406 1.30576197452e-07
1.42 1.32096985492e-07
1.434 1.33616450519e-07
1.449 1.35244539158e-07
1.463 1.36191191269e-07
1.478 1.37818193019e-07
1.493 1.3886318539e-07
1.508 1.49428659344e-07
1.523 1.53588205955e-07
1.538 1.46237558386e-07
1.553 1.44233423835e-07
1.569 1.62853057608e-07
1.584 3.28173750461e-07
1.6 1.62247641034e-07
1.616 1.6032786148e-07
1.632 1.85150528382e-07
1.649 1.9081025707e-07
1.665 1.71619252647e-07
1.682 1.53404191537e-07
1.699 1.66994915724e-07
1.716 3.14462787877e-07
1.733 1.95078324721e-07
1.75 1.77496656482e-07
1.768 1.67497460597e-07
1.785 1.97271926638e-07
1.803 2.35271727333e-07
1.821 2.22480645129e-07
1.839 1.88833276393e-07
1.858 1.79754343001e-07
1.876 1.82711968103e-07
1.895 1.85026327704e-07
1.914 1.88139813503e-07
1.933 1.90466894859e-07
1.953 1.92916728718e-07
1.972 1.96070970728e-07
1.992 1.985296534e-07
2.012 1.98442427613e-07
2.032 2.00007519051e-07
2.052 2.015491032e-07
2.073 2.04945150528e-07
2.094 2.06578039996e-07
2.114 2.09867562316e-07
2.136 2.12501822196e-07
2.157 2.15011581161e-07
2.179 2.16701838551e-07
2.2 2.20136310759e-07
2.222 2.21795311683e-07
2.245 2.25480787077e-07
2.267 2.26130262092e-07
2.29 2.27839379775e-07
2.313 2.31528149039e-07
2.336 2.33212205853e-07
2.359 2.35900097068e-07
2.383 2.38708594415e-07
2.406 2.40356350203e-07
2.43 2.42105695468e-07
2.455 2.45034153982e-07
2.479 2.47861486824e-07
2.504 2.51927680842e-07
2.529 2.53818368433e-07
2.554 2.57960602609e-07
2.58 2.61136984822e-07
2.60 9999
4.18 9999
4.201 4.67810745956e-07
4.243 4.75366819023e-07
4.286 4.83088315973e-07
4.328 4.90719770538e-07
4.372 4.98656983436e-07
4.415 5.04283553396e-07
4.46 5.10180256884e-07
4.504 5.18245265615e-07
4.549 5.21898333948e-07
4.595 5.30322985923e-07
4.641 5.34090205774e-07
4.687 5.425929598e-07
4.734 5.4886859177e-07
4.781 5.55139652888e-07
4.829 5.6647876e-07
4.877 5.72905042679e-07
4.926 5.81963402753e-07
4.975 5.91035646832e-07
5.025 6.02829685956e-07
5.075 6.12052930604e-07
5.126 6.21380699382e-07
5.177 6.30664520862e-07
5.229 6.37314715852e-07
5.282 6.46680165854e-07
5.334 6.55818366711e-07
5.388 6.65073556938e-07
5.442 6.7417435293e-07
5.496 6.83097430857e-07
5.551 6.94789162225e-07
5.606 7.03442682337e-07
5.663 7.12102998452e-07
5.719 7.20476223724e-07
5.776 7.2877588144e-07
5.834 7.3701388884e-07
5.892 7.42127749014e-07
5.951 7.5320837542e-07
6.011 7.64338440181e-07
6.071 7.72414137786e-07
6.132 7.83645549123e-07
6.193 7.91867789432e-07
6.255 7.97155373241e-07
6.318 8.08910005649e-07
6.381 8.17767191914e-07
6.445 8.27004172659e-07
6.509 8.3660632295e-07
6.574 8.49937025414e-07
6.64 8.60441270888e-07
6.706 8.77615173139e-07
6.773 8.88277823364e-07
6.841 8.98714554365e-07
6.909 9.11929951183e-07
6.978 9.27798426302e-07
7.048 9.3922012265e-07
7.119 9.5259194319e-07
7.19 9.64094237458e-07
7.262 9.69927812479e-07
7.334 9.79959845315e-07
7.408 9.83409628388e-07
7.482 9.86821743733e-07
7.557 9.8969907333e-07
7.632 1.35549077378e-06
7.709 9.84872817262e-07
7.786 9.75063473568e-07
7.864 9.69208657793e-07
