1.176 1.83876698205e-06
1.187 1.78464035418e-06
1.199 1.73783030236e-06
1.211 1.6950635682e-06
1.223 1.6488916149e-06
1.235 1.61307380933e-06
1.248 1.57028117905e-06
1.26 1.5402036736e-06
1.273 1.50331352442e-06
1.286 1.46910297475e-06
1.299 1.43729746233e-06
1.312 1.40765701745e-06
1.325 1.37997089859e-06
1.338 1.3540531972e-06
1.351 1.32973921369e-06
1.365 1.31066472594e-06
1.378 1.28914134719e-06
1.392 1.26730769474e-06
1.406 1.24152548714e-06
1.42 1.22219204554e-06
1.434 1.20390019007e-06
1.449 1.18535067801e-06
1.463 1.16401532094e-06
1.478 1.14735168212e-06
1.493 1.12671983104e-06
1.508 1.1823110407e-06
1.523 1.18558397047e-06
1.538 1.10179375e-06
1.553 1.06108072189e-06
1.569 1.16843317158e-06
1.584 2.3007305304e-06
1.6 1.11011442102e-06
1.616 1.07092364829e-06
1.632 1.20768253571e-06
1.649 1.21388329178e-06
1.665 1.06664750162e-06
1.682 9.30304987795e-07
1.699 9.88325395719e-07
1.716 1.81650895648e-06
1.733 1.10002263482e-06
1.75 9.77126707361e-07
1.768 8.99005138457e-07
1.785 1.03383937426e-06
1.803 1.20227906851e-06
1.821 1.10864780172e-06
1.839 9.17610379862e-07
1.858 8.50627826078e-07
1.876 8.43176464204e-07
1.895 8.31518997415e-07
1.914 8.2339152862e-07
1.933 8.11763849339e-07
1.953 7.99564392022e-07
1.972 7.91353101494e-07
1.992 7.7918756683e-07
2.012 7.57362210425e-07
2.032 7.42269712766e-07
2.052 7.27341162899e-07
2.073 7.18169126654e-07
2.094 7.02920404773e-07
2.114 6.944050842e-07
2.136 6.8182102865e-07
2.157 6.69933735623e-07
2.179 6.54801473653e-07
2.2 6.46022254494e-07
2.222 6.31315057238e-07
2.245 6.21702040342e-07
2.267 6.04867196443e-07
2.29 5.90497549671e-07
2.313 5.81497058817e-07
2.336 5.67705044155e-07
2.359 5.56682019469e-07
2.383 5.4545603737e-07
2.406 5.32643031573e-07
2.43 5.19755147507e-07
2.455 5.09068176813e-07
2.479 4.99114176065e-07
2.504 4.91210569374e-07
2.529 4.79357864542e-07
2.554 4.7209501491e-07
2.58 4.62802032601e-07
2.60 9999
4.18 9999
4.201 5.70186111917e-07
4.243 5.83659841029e-07
4.286 5.97037046693e-07
4.328 6.09748410625e-07
4.372 6.22424462804e-07
4.415 6.31513832412e-07
4.46 6.40292501082e-07
4.504 6.50985945527e-07
4.549 6.55332932768e-07
4.595 6.64834868276e-07
4.641 6.67711096289e-07
4.687 6.7578346663e-07
4.734 6.80353005483e-07
4.781 6.84348972775e-07
4.829 6.94011744885e-07
4.877 6.97286783358e-07
4.926 7.03470802694e-07
4.975 7.09631638045e-07
5.025 7.19109560981e-07
5.075 7.25785684449e-07
5.126 7.32802853273e-07
5.177 7.40077120032e-07
5.229 7.44525065734e-07
5.282 7.5242932689e-07
5.334 7.60452440895e-07
5.388 7.68851365072e-07
5.442 7.77409978424e-07
5.496 7.86089026466e-07
5.551 7.98245745901e-07
5.606 8.07275606156e-07
5.663 8.16711947956e-07
5.719 8.26276892017e-07
5.776 8.36213307943e-07
5.834 8.46532562888e-07
5.892 8.53653676932e-07
5.951 8.67977127715e-07
6.011 8.82599612926e-07
6.071 8.93804308355e-07
6.132 9.08827502071e-07
6.193 9.2054297821e-07
6.255 9.29100840198e-07
6.318 9.4552682789e-07
6.381 9.5893628682e-07
6.445 9.73285664528e-07
6.509 9.88607391457e-07
6.574 1.00893925705e-06
6.64 1.02614328172e-06
6.706 1.05102337269e-06
6.773 1.06743378051e-06
6.841 1.08239595766e-06
6.909 1.09907318529e-06
6.978 1.11694406233e-06
7.048 1.12709066272e-06
7.119 1.1367888041e-06
7.19 1.14121779621e-06
7.262 1.13566764553e-06
7.334 1.13196331337e-06
7.408 1.11735068596e-06
7.482 1.10034561953e-06
7.557 1.08077545398e-06
7.632 1.44903880184e-06
7.709 1.03118716423e-06
7.786 1.00215740564e-06
7.864 9.80611485016e-07
