1.176 0.000236537767739
1.187 0.000217466158095
1.199 0.000200095571131
1.211 0.000184844506617
1.223 0.00017065162662
1.235 0.000158743683124
1.248 0.000146612557288
1.26 0.000137214677863
1.273 0.000127502517834
1.286 0.000118810402046
1.299 0.000110998147001
1.312 0.000103949018057
1.325 9.75651563949e-05
1.338 9.1764016697e-05
1.351 8.64755674552e-05
1.365 8.16268903837e-05
1.378 7.72036234978e-05
1.392 7.28370952522e-05
1.406 6.85483804389e-05
1.42 6.48883740929e-05
1.434 6.15174526973e-05
1.449 5.81922583922e-05
1.463 5.50958652621e-05
1.478 5.22694529754e-05
1.493 4.94467602717e-05
1.508 5.00252537023e-05
1.523 4.84036276839e-05
1.538 4.34385084337e-05
1.553 4.04280473091e-05
1.569 4.29598560996e-05
1.584 8.18728441126e-05
1.6 3.81810441945e-05
1.616 3.56273768963e-05
1.632 3.8891568182e-05
1.649 3.77946829128e-05
1.665 3.21970918124e-05
1.682 2.71935152175e-05
1.699 2.79983307757e-05
1.716 4.99119083939e-05
1.733 2.93386190355e-05
1.75 2.53158366745e-05
1.768 2.26059308826e-05
1.785 2.52921071733e-05
1.803 2.85925787137e-05
1.821 2.56512386984e-05
1.839 2.06721167751e-05
1.858 1.86467333094e-05
1.876 1.80254368804e-05
1.895 1.73258360986e-05
1.914 1.67356221663e-05
1.933 1.61075794187e-05
1.953 1.5482525955e-05
1.972 1.49838195814e-05
1.992 1.44211744372e-05
2.012 1.37127184569e-05
2.032 1.31579538006e-05
2.052 1.26330169313e-05
2.073 1.22192720014e-05
2.094 1.17252389558e-05
2.114 1.13748851285e-05
2.136 1.09565513345e-05
2.157 1.05779668912e-05
2.179 1.01579020978e-05
2.2 9.8607123218e-06
2.222 9.48053164401e-06
2.245 9.18502590167e-06
2.267 8.80355317945e-06
2.29 8.46640266867e-06
2.313 8.21829110747e-06
2.336 7.91345580138e-06
2.359 7.65777795049e-06
2.383 7.40461267519e-06
2.406 7.14311096017e-06
2.43 6.88568540363e-06
2.455 6.66231315905e-06
2.479 6.4590003198e-06
2.504 6.2855967914e-06
2.529 6.06773033557e-06
2.554 5.91266265267e-06
2.58 5.73299099871e-06
2.60 9999
4.18 9999
4.201 2.36564636917e-06
4.243 2.36489230193e-06
4.286 2.36169989586e-06
4.328 2.35665913795e-06
4.372 2.34859757839e-06
4.415 2.32848089727e-06
4.46 2.30550019855e-06
4.504 2.29147333729e-06
4.549 2.25518887433e-06
4.595 2.23645873544e-06
4.641 2.19602742239e-06
4.687 2.17299959048e-06
4.734 2.13754672203e-06
4.781 2.10028694079e-06
4.829 2.07883917743e-06
4.877 2.03770605338e-06
4.926 2.00369378512e-06
4.975 1.96911059876e-06
5.025 1.94199821987e-06
5.075 1.90658061172e-06
5.126 1.8703091581e-06
5.177 1.83389132062e-06
5.229 1.7887689011e-06
5.282 1.75023163996e-06
5.334 1.71223246589e-06
5.388 1.67218025685e-06
5.442 1.63186977108e-06
5.496 1.59137590581e-06
5.551 1.55635300227e-06
5.606 1.51495057435e-06
5.663 1.47233714787e-06
5.719 1.43128599003e-06
5.776 1.39023496788e-06
5.834 1.34928433015e-06
5.892 1.30398809895e-06
5.951 1.26929039212e-06
6.011 1.23424136308e-06
6.071 1.19482691024e-06
6.132 1.16007334323e-06
6.193 1.12157516215e-06
6.255 1.07925565119e-06
6.318 1.0458967833e-06
6.381 1.00960094028e-06
6.445 9.74020091805e-07
6.509 9.3983461562e-07
6.574 9.10039550753e-07
6.64 8.77889376064e-07
6.706 8.54141416736e-07
6.773 8.25409710715e-07
6.841 7.98504209195e-07
6.909 7.76804043962e-07
6.978 7.59674178783e-07
7.048 7.4159499998e-07
7.119 7.28062433964e-07
7.19 7.16546677059e-07
7.262 7.04237825356e-07
7.334 6.98763277005e-07
7.408 6.92252197084e-07
7.482 6.89893892157e-07
7.557 6.91369835971e-07
7.632 9.51422674339e-07
7.709 6.97937682943e-07
7.786 7.0022761255e-07
7.864 7.07416367461e-07
