1.176 1.03179919064e-05
1.187 5.94386829321e-06
1.199 6.32774585599e-06
1.211 1.16483072506e-05
1.223 1.31877702459e-05
1.235 1.15000216803e-05
1.248 1.04449449287e-05
1.26 8.7266214685e-06
1.273 1.10767397671e-05
1.286 1.07317938514e-05
1.299 4.89937100705e-06
1.312 4.85354549787e-06
1.325 4.80027105108e-06
1.338 4.71703002415e-06
1.351 6.31196904706e-06
1.365 6.80568719078e-06
1.378 4.5687867424e-06
1.392 1.08476323542e-05
1.406 1.77998201064e-05
1.42 1.83656600067e-05
1.434 1.28595886273e-05
1.449 1.02356771674e-05
1.463 8.8155582171e-06
1.478 7.56630450561e-06
1.493 3.35941037189e-06
1.508 3.44061099395e-06
1.523 4.50773153276e-06
1.538 4.43798943412e-06
1.553 6.7954575578e-06
1.569 1.10978450639e-05
1.584 2.17927128076e-05
1.6 1.13196508061e-05
1.616 6.55005373222e-06
1.632 4.19332064412e-06
1.649 3.89595559911e-06
1.665 3.90212029252e-06
1.682 3.44152563779e-06
1.699 3.90638289615e-06
1.716 1.14165262456e-05
1.733 1.33933822281e-05
1.75 8.85326172617e-06
1.768 5.16459255441e-06
1.785 4.04514783019e-06
1.803 5.1493960446e-06
1.821 7.36323418408e-06
1.839 8.7450691331e-06
1.858 1.3809334734e-05
1.876 1.32983060483e-05
1.895 5.95290483671e-06
1.914 3.18441097437e-06
1.933 5.16452330787e-06
1.953 7.93809706239e-06
1.972 4.85981687572e-06
1.992 4.14403104946e-06
2.012 9.78781439891e-06
2.032 8.13168146068e-06
2.052 4.95912786752e-06
2.073 3.209094898e-06
2.094 2.21332148069e-06
2.114 3.20175932086e-06
2.136 5.75411057455e-06
2.157 7.67294184777e-06
2.179 8.58582927845e-06
2.2 4.30113418918e-06
2.222 3.49548573942e-06
2.245 3.34274382432e-06
2.267 4.34980513221e-06
2.29 5.38558245332e-06
2.313 6.85437114828e-06
2.336 3.82467651527e-06
2.359 3.50056564974e-06
2.383 4.24196630621e-06
2.406 5.56331412449e-06
2.43 6.60904894419e-06
2.455 5.29385542182e-06
2.479 2.97924301062e-06
2.504 3.18507814889e-06
2.529 7.09364977898e-06
2.554 9.31764195362e-06
2.58 8.90146158205e-06
2.60 9999
4.18 9999
4.201 5.48236732062e-06
4.243 3.30175886284e-06
4.286 4.08016531935e-06
4.328 6.57266225186e-06
4.372 8.24765450146e-06
4.415 8.93098197065e-06
4.46 7.19207552968e-06
4.504 5.88159645806e-06
4.549 4.64827120719e-06
4.595 4.43690194319e-06
4.641 4.7139449551e-06
4.687 7.88973049641e-06
4.734 1.04499174585e-05
4.781 8.24343123142e-06
4.829 4.16626343705e-06
4.877 4.2369035388e-06
4.926 5.40669862713e-06
4.975 5.8519990167e-06
5.025 6.89728742194e-06
5.075 6.35914593475e-06
5.126 6.05157153828e-06
5.177 5.21898502068e-06
5.229 4.9261789256e-06
5.282 5.75530752307e-06
5.334 9.16172867345e-06
5.388 1.03287596931e-05
5.442 5.53244598986e-06
5.496 3.36144369753e-06
5.551 3.40364867949e-06
5.606 4.0376609214e-06
5.663 4.8924985537e-06
5.719 7.14044754247e-06
5.776 7.43470798702e-06
5.834 7.24114924996e-06
5.892 1.16098461206e-05
5.951 4.39964312802e-06
6.011 2.35559172564e-06
6.071 2.91528779305e-06
6.132 7.12673925799e-06
6.193 1.16368518619e-05
6.255 1.17011945429e-05
6.318 6.54453347712e-06
6.381 4.09639207812e-06
6.445 4.05290818191e-06
6.509 4.8314627021e-06
6.574 4.63955625905e-06
6.64 6.98959945894e-06
6.706 9.52056365461e-06
6.773 6.38537514087e-06
6.841 2.97081565685e-06
6.909 7.03000611067e-06
6.978 6.98872285139e-06
7.048 4.72791970218e-06
7.119 5.04581889961e-06
7.19 7.63720053704e-06
7.262 3.28807068603e-06
7.334 5.77640179506e-06
7.408 7.783568146e-06
7.482 4.44133500203e-06
7.557 5.99833331621e-06
7.632 1.15975915983e-05
7.709 7.28140599995e-06
7.786 4.01604110134e-06
7.864 2.32385135885e-06
