1.176 7.37770401355e-06
1.187 7.26049913143e-06
1.199 7.17006161859e-06
1.211 7.08535060178e-06
1.223 6.97640926632e-06
1.235 6.9024371758e-06
1.248 6.79643847993e-06
1.26 6.73217972198e-06
1.273 6.63687052101e-06
1.286 6.54677178782e-06
1.299 6.46153164966e-06
1.312 6.3808283019e-06
1.325 6.30436679731e-06
1.338 6.23187623602e-06
1.351 6.16310729932e-06
1.365 6.11854789898e-06
1.378 6.05653443038e-06
1.392 5.99319108037e-06
1.406 5.90836935056e-06
1.42 5.85174802246e-06
1.434 5.79805778553e-06
1.449 5.74358193808e-06
1.463 5.67147800029e-06
1.478 5.622750234e-06
1.493 5.55308333583e-06
1.508 5.85974247716e-06
1.523 5.90854442186e-06
1.538 5.52118576772e-06
1.553 5.34632949054e-06
1.569 5.92167473704e-06
1.584 1.17243650437e-05
1.6 5.69048918809e-06
1.616 5.52234357464e-06
1.632 6.26516885906e-06
1.649 6.33837525238e-06
1.665 5.60432541961e-06
1.682 4.92100103097e-06
1.699 5.26400838435e-06
1.716 9.74340298479e-06
1.733 5.94297292516e-06
1.75 5.3181232893e-06
1.768 4.9323114416e-06
1.785 5.71628157634e-06
1.803 6.70391546425e-06
1.821 6.23556723934e-06
1.839 5.20711629273e-06
1.858 4.87366358757e-06
1.876 4.87631646658e-06
1.895 4.85772908128e-06
1.914 4.86027865007e-06
1.933 4.8426342316e-06
1.953 4.82450786741e-06
1.972 4.82802305227e-06
1.992 4.81052881094e-06
2.012 4.73263571638e-06
2.032 4.69570320169e-06
2.052 4.65908693274e-06
2.073 4.66194830207e-06
2.094 4.62489438379e-06
2.114 4.62858412884e-06
2.136 4.61074705896e-06
2.157 4.59372355067e-06
2.179 4.55622792082e-06
2.2 4.55877993364e-06
2.222 4.52133241423e-06
2.245 4.52196796421e-06
2.267 4.46519459746e-06
2.29 4.42708488744e-06
2.313 4.42738468926e-06
2.336 4.38927124584e-06
2.359 4.37025303295e-06
2.383 4.35034656015e-06
2.406 4.31239610806e-06
2.43 4.27376513735e-06
2.455 4.2531413918e-06
2.479 4.23337007872e-06
2.504 4.23131097734e-06
2.529 4.19239670344e-06
2.554 4.19041799342e-06
2.58 4.16947059588e-06
2.60 9999
4.18 9999
4.201 3.42300809314e-06
4.243 3.42158639561e-06
4.286 3.41803135565e-06
4.328 3.41322548743e-06
4.372 3.40572816399e-06
4.415 3.382148472e-06
4.46 3.3561214857e-06
4.504 3.3442705041e-06
4.549 3.30136537609e-06
4.595 3.28602449603e-06
4.641 3.24075493399e-06
4.687 3.2233171179e-06
4.734 3.19018672976e-06
4.781 3.15667107904e-06
4.829 3.1499136578e-06
4.877 3.11572981319e-06
4.926 3.09518690022e-06
4.975 3.0758232111e-06
5.025 3.07083536701e-06
5.075 3.05465671203e-06
5.126 3.03985314689e-06
5.177 3.02679516879e-06
5.229 3.00208021252e-06
5.282 2.99112190787e-06
5.334 2.98177525278e-06
5.388 2.97259579523e-06
5.442 2.96422776086e-06
5.496 2.95644785689e-06
5.551 2.96091513e-06
5.606 2.9536694972e-06
5.663 2.94645309489e-06
5.719 2.94035967508e-06
5.776 2.93471400147e-06
5.834 2.92943832837e-06
5.892 2.91288548869e-06
5.951 2.91970073726e-06
6.011 2.92584010031e-06
6.071 2.91971042891e-06
6.132 2.9242459807e-06
6.193 2.91688685597e-06
6.255 2.89770166355e-06
6.318 2.90081424702e-06
6.381 2.89276111952e-06
6.445 2.88476238691e-06
6.509 2.87734602019e-06
6.574 2.881090499e-06
6.64 2.87308495122e-06
6.706 2.88530198208e-06
6.773 2.87322757261e-06
6.841 2.85791043915e-06
6.909 2.84975202768e-06
6.978 2.8476376275e-06
7.048 2.8303655647e-06
7.119 2.81806962596e-06
7.19 2.80044203159e-06
7.262 2.76670754139e-06
7.334 2.74664516233e-06
7.408 2.70927061166e-06
7.482 2.67520926222e-06
7.557 2.64310398408e-06
7.632 3.57097269573e-06
7.709 2.56170729949e-06
7.786 2.50664851991e-06
7.864 2.46417912635e-06
