9.6000e-01  1.0000e+05
1.1620e+00  9999
1.1620e+00  8.2440e-04
1.1650e+00  8.4700e-04
1.1670e+00  9.1360e-04
1.1700e+00  8.6190e-04
1.1720e+00  8.3690e-04
1.1750e+00  9.4120e-04
1.1780e+00  1.1160e-03
1.1800e+00  1.0380e-03
1.1830e+00  8.6600e-04
1.1850e+00  5.9120e-04
1.1880e+00  5.9830e-04
1.1900e+00  9.7950e-04
1.1930e+00  1.0130e-03
1.1950e+00  1.1130e-03
1.1980e+00  1.1280e-03
1.2000e+00  1.0800e-03
1.2030e+00  9.2380e-04
1.2060e+00  7.4730e-04
1.2080e+00  6.3250e-04
1.2110e+00  6.2440e-04
1.2130e+00  8.4340e-04
1.2160e+00  6.2850e-04
1.2190e+00  5.9670e-04
1.2210e+00  6.2480e-04
1.2240e+00  8.0860e-04
1.2260e+00  9.5420e-04
1.2290e+00  8.5200e-04
1.2320e+00  1.0100e-03
1.2340e+00  7.3960e-04
1.2370e+00  1.1500e-03
1.2400e+00  1.0380e-03
1.2420e+00  1.0710e-03
1.2450e+00  1.1410e-03
1.2470e+00  1.1790e-03
1.2500e+00  1.2240e-03
1.2530e+00  1.2570e-03
1.2550e+00  1.2350e-03
1.2580e+00  1.1950e-03
1.2610e+00  1.2000e-03
1.2630e+00  8.3640e-04
1.2660e+00  7.1430e-04
1.2690e+00  6.2880e-04
1.2710e+00  5.5120e-04
1.2740e+00  4.8010e-04
1.2770e+00  6.3250e-04
1.2800e+00  8.7030e-04
1.2820e+00  1.0490e-03
1.2850e+00  1.2070e-03
1.2880e+00  1.3450e-03
1.2900e+00  1.2330e-03
1.2930e+00  1.1180e-03
1.2960e+00  8.0590e-04
1.2990e+00  5.5420e-04
1.3010e+00  6.3090e-04
1.3040e+00  1.2770e-03
1.3070e+00  1.2050e-03
1.3100e+00  1.0970e-03
1.3120e+00  1.0420e-03
1.3150e+00  1.1830e-03
1.3180e+00  6.5120e-04
1.3210e+00  6.3690e-04
1.3230e+00  5.9800e-04
1.3260e+00  4.7970e-04
1.3290e+00  5.4950e-04
1.3320e+00  6.3610e-04
1.3350e+00  6.5870e-04
1.3370e+00  7.4330e-04
1.3400e+00  8.0620e-04
1.3430e+00  9.1930e-04
1.3460e+00  7.8140e-04
1.3490e+00  1.1630e-03
1.3510e+00  1.4570e-03
1.3540e+00  9.9130e-04
1.3570e+00  9.0580e-04
1.3600e+00  9.1630e-04
1.3630e+00  1.1990e-03
1.3660e+00  9.7620e-04
1.3680e+00  9.4130e-04
1.3710e+00  1.3710e-03
1.3740e+00  1.2210e-03
1.3770e+00  1.5460e-03
1.3800e+00  1.5740e-03
1.3830e+00  6.1590e-04
1.3860e+00  6.4670e-04
1.3890e+00  6.6180e-04
1.3910e+00  8.5380e-04
1.3940e+00  9.6750e-04
1.3970e+00  1.3100e-03
1.4000e+00  1.4630e-03
1.4030e+00  1.5950e-03
1.4060e+00  1.6020e-03
1.4090e+00  1.6150e-03
1.4120e+00  1.0300e-03
1.4150e+00  8.1960e-04
1.4180e+00  8.6250e-04
1.4210e+00  6.8240e-04
1.4230e+00  1.1570e-03
1.4260e+00  7.6000e-04
1.4290e+00  1.0320e-03
1.4320e+00  1.0130e-03
1.4350e+00  1.1460e-03
1.4380e+00  1.1140e-03
1.4410e+00  9.8480e-04
1.4440e+00  1.0210e-03
1.4470e+00  9.1870e-04
1.4500e+00  1.0010e-03
1.4530e+00  1.2990e-03
1.4560e+00  1.3800e-03
1.4590e+00  1.6520e-03
1.4620e+00  1.8380e-03
1.4650e+00  1.7460e-03
1.4680e+00  1.8370e-03
1.4710e+00  1.3010e-03
1.4740e+00  1.1720e-03
1.4770e+00  1.3650e-03
1.4800e+00  1.2030e-03
1.4830e+00  1.4000e-03
1.4860e+00  1.3310e-03
1.4890e+00  9.8180e-04
1.4920e+00  1.0990e-03
1.4960e+00  1.1830e-03
1.4990e+00  1.5410e-03
1.5020e+00  1.5710e-03
1.5050e+00  1.5150e-03
1.5080e+00  1.4670e-03
1.5110e+00  1.6010e-03
1.5140e+00  1.4610e-03
1.5170e+00  1.1440e-03
1.5200e+00  8.5280e-04
1.5230e+00  8.1320e-04
1.5260e+00  8.3500e-04
1.5300e+00  8.4580e-04
1.5330e+00  9.4720e-04
1.5360e+00  9.3080e-04
1.5390e+00  1.1480e-03
1.5420e+00  1.6410e-03
1.5450e+00  1.8160e-03
1.5480e+00  1.4990e-03
1.5510e+00  1.5520e-03
1.5550e+00  1.1530e-03
1.5580e+00  1.1850e-03
1.5610e+00  1.4650e-03
1.5640e+00  1.4130e-03
1.5670e+00  1.3730e-03
1.5700e+00  1.1630e-03
1.5740e+00  1.0330e-03
1.5770e+00  8.6990e-04
1.5800e+00  8.0020e-04
1.5830e+00  8.8010e-04
1.5860e+00  1.4940e-03
1.5900e+00  8.7630e-04
1.5930e+00  1.0660e-03
1.5960e+00  1.6640e-03
1.5990e+00  1.7450e-03
1.6030e+00  1.9100e-03
1.6060e+00  1.4210e-03
1.6090e+00  1.2450e-03
1.6120e+00  1.2740e-03
1.6160e+00  1.3160e-03
1.6190e+00  1.3940e-03
1.6220e+00  1.5430e-03
1.6250e+00  1.0420e-03
1.6290e+00  1.3920e-03
1.6320e+00  1.3590e-03
1.6350e+00  1.5060e-03
1.6390e+00  1.2660e-03
1.6420e+00  1.1740e-03
1.6450e+00  1.0850e-03
1.6480e+00  1.0500e-03
1.6520e+00  9.4940e-04
1.6550e+00  9.1980e-04
1.6580e+00  1.1100e-03
1.6620e+00  1.3490e-03
1.6650e+00  1.0570e-03
1.6680e+00  2.3260e-03
1.6720e+00  1.7050e-03
1.6750e+00  2.0960e-03
1.6790e+00  1.9180e-03
1.6820e+00  1.4560e-03
1.6850e+00  1.6070e-03
1.6890e+00  1.3910e-03
1.6920e+00  1.0230e-03
1.6950e+00  8.3240e-04
1.6990e+00  1.4760e-03
1.7020e+00  1.2620e-03
1.7060e+00  1.0810e-03
1.7090e+00  1.0200e-03
1.7120e+00  9.0510e-04
1.7160e+00  1.2320e-03
1.7190e+00  1.4110e-03
1.7230e+00  1.1930e-03
1.7260e+00  1.3310e-03
1.7300e+00  1.7070e-03
1.7330e+00  1.7550e-03
1.7370e+00  2.0550e-03
1.7400e+00  2.0170e-03
1.7430e+00  8.2530e-04
1.7470e+00  6.2590e-04
1.7500e+00  5.8090e-04
1.7540e+00  6.5040e-04
1.7570e+00  1.9880e-03
1.7610e+00  2.0810e-03
1.7640e+00  2.1050e-03
1.7680e+00  2.1950e-03
1.7710e+00  1.8370e-03
1.7750e+00  1.5380e-03
1.7780e+00  9.5940e-04
1.7820e+00  7.9080e-04
1.7860e+00  8.4940e-04
1.7890e+00  8.7370e-04
1.7930e+00  9.7460e-04
1.7960e+00  1.3780e-03
1.8000e+00  1.2060e-03
1.8030e+00  1.2550e-03
1.8070e+00  1.3080e-03
1.8100e+00  1.0130e-03
1.8140e+00  8.1960e-04
1.8180e+00  7.4450e-04
1.8210e+00  8.9260e-04
1.8250e+00  1.2820e-03
1.8280e+00  1.7310e-03
1.8320e+00  1.7490e-03
1.8360e+00  1.4540e-03
1.8390e+00  1.2680e-03
1.8430e+00  9.5560e-04
1.8470e+00  9.7310e-04
1.8500e+00  1.2290e-03
1.8540e+00  1.4410e-03
1.8570e+00  1.5130e-03
1.8610e+00  1.1900e-03
1.8650e+00  1.0890e-03
1.8680e+00  1.2490e-03
1.8720e+00  1.3030e-03
1.8760e+00  1.2430e-03
1.8800e+00  1.3030e-03
1.8830e+00  1.1460e-03
1.8870e+00  1.0640e-03
1.8910e+00  8.8640e-04
1.8940e+00  1.0460e-03
1.8980e+00  8.0950e-04
1.9020e+00  1.5120e-03
1.9060e+00  1.6800e-03
1.9090e+00  1.6650e-03
1.9130e+00  1.7640e-03
1.9170e+00  1.6080e-03
1.9210e+00  1.6850e-03
1.9240e+00  1.7100e-03
1.9280e+00  1.6360e-03
1.9320e+00  1.6240e-03
1.9360e+00  1.5070e-03
1.9390e+00  1.6180e-03
1.9430e+00  1.1790e-03
1.9470e+00  1.0860e-03
1.9510e+00  1.2490e-03
1.9550e+00  1.3190e-03
1.9580e+00  1.3400e-03
1.9620e+00  1.3910e-03
1.9660e+00  1.5730e-03
1.9700e+00  1.3050e-03
1.9740e+00  1.2840e-03
1.9780e+00  1.4550e-03
1.9820e+00  1.3150e-03
1.9850e+00  1.1580e-03
1.9890e+00  8.5580e-04
1.9930e+00  1.3670e-03
1.9970e+00  1.0040e-03
2.0010e+00  1.3330e-03
2.0050e+00  1.3060e-03
2.0090e+00  1.2220e-03
2.0130e+00  9.5950e-04
2.0170e+00  9.6940e-04
2.0200e+00  1.2310e-03
2.0240e+00  1.7560e-03
2.0280e+00  1.2060e-03
2.0320e+00  1.6000e-03
2.0360e+00  1.5360e-03
2.0400e+00  1.3790e-03
2.0440e+00  1.0260e-03
2.0480e+00  9.2230e-04
2.0520e+00  1.2220e-03
2.0560e+00  1.3490e-03
2.0600e+00  1.5190e-03
2.0640e+00  1.5750e-03
2.0680e+00  1.2680e-03
2.0720e+00  1.4200e-03
2.0760e+00  1.0760e-03
2.0800e+00  1.0540e-03
2.0840e+00  1.2590e-03
2.0880e+00  1.0130e-03
2.0920e+00  1.6040e-03
2.0960e+00  7.9980e-04
2.1000e+00  1.0750e-03
2.1040e+00  1.0770e-03
2.1080e+00  9.7740e-04
2.1120e+00  1.4840e-03
2.1170e+00  1.2150e-03
2.1210e+00  1.8230e-03
2.1250e+00  1.8970e-03
2.1290e+00  1.8600e-03
2.1330e+00  1.7360e-03
2.1370e+00  1.1810e-03
2.1410e+00  1.2620e-03
2.1450e+00  1.2180e-03
2.1490e+00  1.3870e-03
2.1540e+00  1.6540e-03
2.1580e+00  2.1300e-03
2.1620e+00  1.4910e-03
2.1660e+00  8.0200e-04
2.1700e+00  8.3430e-04
2.1740e+00  8.1780e-04
2.1780e+00  9.7530e-04
2.1830e+00  1.1360e-03
2.1870e+00  1.7500e-03
2.1910e+00  1.9860e-03
2.1950e+00  2.0550e-03
2.1990e+00  1.9920e-03
2.2040e+00  1.8620e-03
2.2080e+00  1.7000e-03
2.2120e+00  9.4210e-04
2.2160e+00  1.2010e-03
2.2210e+00  1.2050e-03
2.2250e+00  1.0400e-03
2.2290e+00  1.0550e-03
2.2330e+00  1.1030e-03
2.2380e+00  1.1570e-03
2.2420e+00  1.1860e-03
2.2460e+00  1.0490e-03
2.2510e+00  1.0150e-03
2.2550e+00  1.4840e-03
2.2590e+00  1.5600e-03
2.2640e+00  1.6470e-03
2.2680e+00  1.5170e-03
2.2720e+00  1.4900e-03
2.2770e+00  1.8240e-03
2.2810e+00  1.2540e-03
2.2850e+00  1.1540e-03
2.2900e+00  1.7990e-03
2.2940e+00  1.6610e-03
2.2980e+00  1.5990e-03
2.3030e+00  1.4330e-03
2.3070e+00  1.0520e-03
2.3110e+00  9.2640e-04
2.3160e+00  9.6740e-04
2.3200e+00  9.1110e-04
2.3250e+00  9.6800e-04
2.3290e+00  8.9910e-04
2.3340e+00  1.0060e-03
2.3380e+00  1.6960e-03
2.3420e+00  1.2070e-03
2.3470e+00  1.5290e-03
2.3510e+00  1.4810e-03
2.3560e+00  1.0370e-03
2.3600e+00  8.2650e-04
2.3650e+00  1.5080e-03
2.3690e+00  1.1490e-03
2.3740e+00  1.4760e-03
2.3780e+00  1.6520e-03
2.3830e+00  1.7080e-03
2.3870e+00  1.6880e-03
2.3920e+00  1.6300e-03
2.3960e+00  1.6330e-03
2.4010e+00  1.3070e-03
2.4050e+00  1.6000e-03
2.4100e+00  2.1560e-03
2.4150e+00  1.4020e-03
2.4190e+00  1.2560e-03
2.4240e+00  9.9240e-04
2.4280e+00  9.9230e-04
2.4330e+00  1.2770e-03
2.4380e+00  1.0540e-03
2.4420e+00  1.9070e-03
2.4470e+00  2.3080e-03
2.4510e+00  1.5550e-03
2.4560e+00  1.3860e-03
2.4610e+00  1.1790e-03
2.4650e+00  1.4950e-03
2.4700e+00  1.0300e-03
2.4750e+00  1.2420e-03
2.4790e+00  1.3540e-03
2.4840e+00  1.4870e-03
2.4890e+00  1.3070e-03
2.4930e+00  1.3720e-03
2.4980e+00  1.3070e-03
2.5030e+00  1.4310e-03
2.5070e+00  1.4290e-03
2.5120e+00  1.8690e-03
2.5170e+00  1.9820e-03
2.5220e+00  1.9720e-03
2.5260e+00  1.9120e-03
2.5310e+00  1.6650e-03
2.5360e+00  1.4090e-03
2.5410e+00  1.4710e-03
2.5450e+00  1.0500e-03
2.5500e+00  1.2190e-03
2.5550e+00  9.8990e-04
2.5600e+00  1.4770e-03
2.5650e+00  1.2620e-03
2.5690e+00  1.2860e-03
2.5740e+00  1.5070e-03
2.5790e+00  1.8100e-03
2.5840e+00  1.9250e-03
2.5890e+00  1.5820e-03
2.5940e+00  1.0140e-03
2.5980e+00  1.0680e-03
2.6030e+00  1.7460e-03
2.6080e+00  1.5240e-03
2.6130e+00  1.8000e-03
2.6180e+00  1.4730e-03
2.6230e+00  1.7210e-03
2.6280e+00  9.2090e-04
2.6330e+00  9.8280e-04
2.6380e+00  1.7200e-03
2.6430e+00  1.0330e-03
2.6480e+00  1.1550e-03
2.6520e+00  1.1660e-03
2.6570e+00  1.6880e-03
2.6620e+00  1.8560e-03
2.6670e+00  2.1400e-03
2.6720e+00  2.1590e-03
2.6770e+00  2.1760e-03
2.6820e+00  1.8210e-03
2.6870e+00  1.9530e-03
2.6920e+00  1.7960e-03
2.6970e+00  1.2950e-03
2.9000e+00  1.0000e+05
3.299e+00   9999
3.3000e+00  1.4220e-03
3.3070e+00  1.4800e-03
3.3140e+00  2.1230e-03
3.3210e+00  2.1520e-03
3.3290e+00  2.0250e-03
3.3360e+00  1.5550e-03
3.3440e+00  1.3500e-03
3.3510e+00  1.3110e-03
3.3580e+00  1.3810e-03
3.3660e+00  1.7260e-03
3.3730e+00  1.4890e-03
3.3810e+00  1.3450e-03
3.3880e+00  1.2750e-03
3.3950e+00  1.7320e-03
3.4030e+00  2.2970e-03
3.4100e+00  2.1770e-03
3.4180e+00  2.1640e-03
3.4250e+00  2.1120e-03
3.4330e+00  2.2830e-03
3.4400e+00  1.4310e-03
3.4480e+00  1.0770e-03
3.4560e+00  9.3830e-04
3.4630e+00  9.1640e-04
3.4710e+00  1.9640e-03
3.4780e+00  2.0580e-03
3.4860e+00  1.9570e-03
3.4940e+00  2.1980e-03
3.5010e+00  2.3200e-03
3.5090e+00  2.3670e-03
3.5170e+00  2.2480e-03
3.5240e+00  2.1030e-03
3.5320e+00  2.5890e-03
3.6000e+00  1.0000e+05
3.6001e+00  9999
3.9339e+00  9999
3.9340e+00  2.6670e-03
3.9430e+00  1.8250e-03
3.9510e+00  1.6610e-03
3.9600e+00  1.5260e-03
3.9680e+00  2.0770e-03
3.9770e+00  1.6210e-03
3.9850e+00  1.2770e-03
3.9940e+00  1.3530e-03
4.0030e+00  1.6350e-03
4.0110e+00  2.9260e-03
4.0200e+00  2.3170e-03
4.0280e+00  2.5130e-03
4.0370e+00  3.0920e-03
4.0460e+00  3.4920e-03
4.0540e+00  2.8800e-03
4.0630e+00  2.4820e-03
4.0720e+00  2.6320e-03
4.0800e+00  2.1020e-03
4.0890e+00  1.8830e-03
4.0980e+00  1.8410e-03
4.1060e+00  1.8290e-03
4.1150e+00  2.4290e-03
4.1240e+00  3.4870e-03
4.1330e+00  2.6440e-03
4.1420e+00  1.1290e-03
4.1510e+00  9.8320e-04
4.1590e+00  9.7970e-04
4.1680e+00  9.8830e-04
4.1770e+00  1.0170e-03
4.1860e+00  1.9220e-03
4.1950e+00  2.4150e-03
4.2040e+00  2.0460e-03
4.2130e+00  2.0550e-03
4.2220e+00  2.0790e-03
4.2310e+00  1.7720e-03
4.2400e+00  1.7150e-03
4.2490e+00  2.4430e-03
4.2580e+00  1.6560e-03
4.2670e+00  1.8350e-03
4.2760e+00  1.6980e-03
4.2850e+00  1.7320e-03
4.2940e+00  1.7940e-03
4.3030e+00  1.8870e-03
4.3120e+00  2.1240e-03
4.3220e+00  2.3940e-03
4.3310e+00  2.1940e-03
4.3400e+00  2.1200e-03
4.3490e+00  1.2220e-03
4.3580e+00  1.0310e-03
4.3680e+00  1.1970e-03
4.3770e+00  1.7280e-03
4.3860e+00  1.6480e-03
4.3950e+00  1.5870e-03
4.4050e+00  2.2080e-03
4.4140e+00  2.3940e-03
4.4230e+00  2.3760e-03
4.4330e+00  2.4750e-03
4.4420e+00  2.4510e-03
4.4520e+00  2.7120e-03
4.4610e+00  2.3910e-03
4.4700e+00  2.4930e-03
4.4800e+00  1.6590e-03
4.4890e+00  1.5280e-03
4.4990e+00  1.4250e-03
4.5080e+00  2.0980e-03
4.5180e+00  1.9980e-03
4.5270e+00  2.2040e-03
4.5370e+00  1.8580e-03
4.5470e+00  2.4420e-03
4.5560e+00  2.1270e-03
4.5660e+00  2.2480e-03
4.5750e+00  2.3420e-03
4.5850e+00  1.6120e-03
4.5950e+00  1.3490e-03
4.6040e+00  9.5090e-04
4.6140e+00  9.5350e-04
4.6240e+00  1.3520e-03
4.6340e+00  1.3910e-03
4.6430e+00  1.7860e-03
4.6530e+00  1.8230e-03
4.6630e+00  1.8750e-03
4.6730e+00  2.0070e-03
4.6830e+00  2.0440e-03
4.6920e+00  2.0850e-03
4.7020e+00  1.7620e-03
4.7120e+00  1.2220e-03
4.7220e+00  1.6560e-03
4.7320e+00  1.7530e-03
4.7420e+00  2.2240e-03
4.7520e+00  2.4470e-03
4.7620e+00  2.7310e-03
4.7720e+00  2.8030e-03
4.7820e+00  2.9310e-03
4.7920e+00  2.4580e-03
4.8020e+00  1.1510e-03
4.8120e+00  9.9870e-04
4.8220e+00  1.0310e-03
4.8330e+00  1.3370e-03
4.8430e+00  1.6780e-03
4.8530e+00  2.8580e-03
4.8630e+00  2.4850e-03
4.8730e+00  2.3790e-03
4.8830e+00  2.3320e-03
4.8940e+00  1.9950e-03
4.9040e+00  1.8530e-03
4.9140e+00  1.3350e-03
4.9250e+00  1.3670e-03
4.9350e+00  1.3090e-03
4.9450e+00  1.2480e-03
4.9560e+00  1.3920e-03
4.9660e+00  1.6260e-03
4.9760e+00  1.6540e-03
4.9870e+00  1.3370e-03
4.9970e+00  1.3200e-03
5.0080e+00  1.1170e-03
5.0180e+00  1.2950e-03
5.0290e+00  1.5610e-03
5.0390e+00  1.4530e-03
5.0500e+00  1.8890e-03
5.0600e+00  2.2920e-03
5.0710e+00  2.0090e-03
5.0820e+00  1.4050e-03
5.0920e+00  1.1680e-03
5.1030e+00  1.7390e-03
5.1140e+00  1.5090e-03
5.1240e+00  1.3980e-03
5.1350e+00  1.4850e-03
5.1460e+00  2.2780e-03
5.1570e+00  1.9140e-03
5.1670e+00  2.2020e-03
5.1780e+00  2.1560e-03
5.1890e+00  1.5850e-03
5.2000e+00  1.8140e-03
5.2110e+00  1.8130e-03
5.2220e+00  1.9000e-03
5.2320e+00  2.0550e-03
5.2430e+00  2.1240e-03
5.2540e+00  2.1820e-03
5.2650e+00  2.0820e-03
5.2760e+00  2.0020e-03
5.2870e+00  1.5750e-03
5.2980e+00  1.7460e-03
5.3090e+00  1.6440e-03
5.3210e+00  1.8530e-03
5.3320e+00  1.4150e-03
5.3430e+00  1.3300e-03
5.3540e+00  1.3850e-03
5.3650e+00  1.4910e-03
5.3760e+00  1.8510e-03
5.3880e+00  2.0190e-03
5.3990e+00  1.9400e-03
5.4100e+00  1.8980e-03
5.4210e+00  1.0580e-03
5.4330e+00  1.1950e-03
5.4440e+00  2.2950e-03
5.4550e+00  2.2880e-03
5.4670e+00  2.0800e-03
5.4780e+00  1.8370e-03
5.4900e+00  1.4820e-03
5.5010e+00  1.1570e-03
5.5120e+00  1.0760e-03
5.5240e+00  1.2730e-03
5.5350e+00  1.2330e-03
5.5470e+00  1.3700e-03
5.5590e+00  1.5830e-03
5.5700e+00  1.6630e-03
5.5820e+00  1.6060e-03
5.5930e+00  1.8080e-03
5.6050e+00  1.8360e-03
5.6170e+00  1.7990e-03
5.6280e+00  2.1560e-03
5.6400e+00  2.1130e-03
5.6520e+00  2.2110e-03
5.6640e+00  1.9110e-03
5.6750e+00  2.3040e-03
5.6870e+00  1.6270e-03
5.6990e+00  2.3310e-03
5.7110e+00  1.4490e-03
5.7230e+00  2.3340e-03
5.7350e+00  2.3740e-03
5.7470e+00  2.2500e-03
5.7590e+00  2.7270e-03
5.7710e+00  2.1430e-03
5.7830e+00  2.1100e-03
5.7950e+00  1.4880e-03
5.8070e+00  1.8330e-03
5.8190e+00  1.8070e-03
5.8310e+00  1.6720e-03
5.8430e+00  1.6440e-03
5.8550e+00  1.7630e-03
5.8670e+00  1.5900e-03
5.8800e+00  1.4130e-03
5.8920e+00  1.0750e-03
5.9040e+00  1.2210e-03
5.9160e+00  1.2610e-03
5.9290e+00  1.2010e-03
5.9410e+00  1.1330e-03
5.9530e+00  1.0640e-03
5.9660e+00  1.1820e-03
5.9780e+00  2.1340e-03
5.9910e+00  2.2910e-03
6.0030e+00  1.9960e-03
6.0150e+00  1.8050e-03
6.0280e+00  1.5820e-03
6.0410e+00  1.5840e-03
6.0530e+00  1.6420e-03
6.0660e+00  1.3400e-03
6.0780e+00  1.9140e-03
6.0910e+00  1.1550e-03
6.1040e+00  1.2050e-03
6.1160e+00  1.5690e-03
6.1290e+00  1.9010e-03
6.1420e+00  2.7300e-03
6.1540e+00  2.7950e-03
6.1670e+00  2.7190e-03
6.1800e+00  1.7600e-03
6.1930e+00  1.9500e-03
6.2060e+00  1.7300e-03
6.2190e+00  1.0460e-03
6.2320e+00  1.9090e-03
6.2450e+00  1.8100e-03
6.2580e+00  1.1690e-03
6.2710e+00  1.4380e-03
6.2840e+00  1.5350e-03
6.2970e+00  2.0470e-03
6.3100e+00  1.8950e-03
6.3230e+00  1.9050e-03
6.3360e+00  1.5870e-03
6.3490e+00  1.3420e-03
6.3620e+00  1.6020e-03
6.3760e+00  1.6920e-03
6.3890e+00  2.0570e-03
6.4020e+00  8.7290e-04
6.4150e+00  8.4760e-04
6.4290e+00  1.2910e-03
6.4420e+00  1.5480e-03
6.4560e+00  1.7970e-03
6.4690e+00  2.0440e-03
6.4820e+00  2.6320e-03
6.4960e+00  2.6940e-03
6.5090e+00  2.0890e-03
6.5230e+00  1.9070e-03
6.5360e+00  1.3490e-03
6.5500e+00  1.1440e-03
6.5640e+00  1.0020e-03
6.5770e+00  1.2130e-03
6.5910e+00  1.3490e-03
6.6050e+00  1.1030e-03
6.6180e+00  2.3650e-03
6.6320e+00  1.9330e-03
6.6460e+00  1.9450e-03
6.6600e+00  1.3050e-03
6.6740e+00  1.1530e-03
6.6870e+00  1.0190e-03
6.7010e+00  1.0510e-03
6.7150e+00  9.8410e-04
6.7290e+00  1.6770e-03
6.7430e+00  1.8330e-03
6.7570e+00  1.2590e-03
6.7710e+00  1.2600e-03
6.7850e+00  1.0430e-03
6.8000e+00  9.8890e-04
6.8140e+00  9.3380e-04
6.8280e+00  1.5510e-03
6.8420e+00  1.8990e-03
6.8560e+00  2.0940e-03
6.8710e+00  2.1200e-03
6.8850e+00  2.2830e-03
6.8990e+00  2.2370e-03
6.9130e+00  1.9700e-03
6.9280e+00  1.7560e-03
6.9420e+00  1.1280e-03
6.9570e+00  1.2410e-03
6.9710e+00  1.8060e-03
6.9860e+00  2.1230e-03
7.0000e+00  2.7320e-03
7.0150e+00  2.4970e-03
7.0290e+00  1.3640e-03
7.0440e+00  1.1310e-03
7.0590e+00  1.1330e-03
7.0730e+00  8.4950e-04
7.0880e+00  8.7620e-04
7.1030e+00  1.3710e-03
7.1180e+00  2.4010e-03
7.1320e+00  2.8260e-03
7.1470e+00  3.0710e-03
7.1620e+00  2.0400e-03
7.1770e+00  1.2050e-03
7.1920e+00  1.2280e-03
7.2070e+00  7.4840e-04
7.2220e+00  1.5990e-03
7.2370e+00  1.7970e-03
7.2520e+00  2.3750e-03
7.2670e+00  2.3900e-03
7.2820e+00  2.0490e-03
7.2980e+00  1.8730e-03
7.3130e+00  1.9970e-03
7.3280e+00  9.3670e-04
7.3430e+00  1.8520e-03
7.3590e+00  2.0510e-03
7.3740e+00  2.2630e-03
7.3890e+00  2.1270e-03
7.4050e+00  2.2440e-03
7.4200e+00  2.0720e-03
7.4360e+00  1.6670e-03
7.4510e+00  1.3190e-03
7.4670e+00  1.1350e-03
7.4820e+00  9.1950e-04
7.4980e+00  9.7180e-04
7.5130e+00  1.0180e-03
7.5290e+00  1.4870e-03
7.5450e+00  3.5250e-03
7.5610e+00  1.6680e-03
7.5760e+00  1.3180e-03
7.5920e+00  1.0900e-03
7.6080e+00  8.4390e-04
7.6240e+00  1.3440e-03
7.6400e+00  1.5800e-03
7.6560e+00  2.2950e-03
7.6720e+00  2.4320e-03
7.6880e+00  2.2600e-03
7.7040e+00  2.1220e-03
7.7200e+00  1.8210e-03
7.7360e+00  9.6200e-04
7.7520e+00  1.0640e-03
7.7680e+00  1.0940e-03
7.7850e+00  1.1840e-03
7.8010e+00  1.4050e-03
7.8170e+00  1.9290e-03
7.8340e+00  1.6110e-03
7.8500e+00  1.6590e-03
7.8660e+00  1.7370e-03
7.8830e+00  1.6790e-03
7.8990e+00  1.3190e-03
7.9160e+00  1.7560e-03
7.9320e+00  1.7040e-03
7.9490e+00  1.4580e-03
7.9660e+00  1.7090e-03
7.9820e+00  1.1850e-03
7.9990e+00  1.4150e-03
8.0160e+00  1.2180e-03
