1.176 0.000277102031896
1.187 0.000148940130208
1.199 0.000147575551751
1.211 0.000253758731351
1.223 0.000269243956289
1.235 0.000220691532217
1.248 0.000188017358091
1.26 0.000148458847815
1.273 0.000177709882356
1.286 0.000162771064135
1.299 7.04092185355e-05
1.312 6.62269394196e-05
1.325 6.2310465733e-05
1.338 5.8351913657e-05
1.351 7.45347134659e-05
1.365 7.65707767623e-05
1.378 4.92188621594e-05
1.392 0.00011168575534
1.406 0.00017540118282
1.42 0.000173443234985
1.434 0.000116534200582
1.449 8.88586097203e-05
1.463 7.36075866972e-05
1.478 6.06638801391e-05
1.493 2.58916544081e-05
1.508 2.55170022189e-05
1.523 3.2200982971e-05
1.538 3.056391565e-05
1.553 4.51569600412e-05
1.569 7.10524795604e-05
1.584 0.000134845942405
1.6 6.75929158188e-05
1.616 3.77736678652e-05
1.632 2.33719298257e-05
1.649 2.09577399026e-05
1.665 2.03152740935e-05
1.682 1.73168792099e-05
1.699 1.90097386951e-05
1.716 5.37637189916e-05
1.733 6.10741036354e-05
1.75 3.91134820239e-05
1.768 2.20780603256e-05
1.785 1.67719492435e-05
1.803 2.06813596173e-05
1.821 2.86609811462e-05
1.839 3.30066222797e-05
1.858 5.0478446186e-05
1.876 4.71801556791e-05
1.895 2.04741544195e-05
1.914 1.06223768858e-05
1.933 1.67159774224e-05
1.953 2.49022428544e-05
1.972 1.48055554135e-05
1.992 1.22469191214e-05
2.012 2.807192239e-05
2.032 2.26426075197e-05
2.052 1.34116479161e-05
2.073 8.42044058476e-06
2.094 5.63701062737e-06
2.114 7.9290471699e-06
2.136 1.38227851685e-05
2.157 1.79114438361e-05
2.179 1.94571094926e-05
2.2 9.47869899106e-06
2.222 7.48386684939e-06
2.245 6.94665918647e-06
2.267 8.78862466397e-06
2.29 1.05699143237e-05
2.313 1.30725315734e-05
2.336 7.09092644382e-06
2.359 6.31136339139e-06
2.383 7.43140014358e-06
2.406 9.48496182581e-06
2.43 1.09570051574e-05
2.455 8.52801513943e-06
2.479 4.67061561439e-06
2.504 4.85585095112e-06
2.529 1.05211708835e-05
2.554 1.34491515618e-05
2.58 1.24939345831e-05
2.60 9999
4.18 9999
4.201 2.25998329035e-06
4.243 1.3421092239e-06
4.286 1.6357474232e-06
4.328 2.60106064281e-06
4.372 3.22180501632e-06
4.415 3.44683175679e-06
4.46 2.74268615986e-06
4.504 2.21839225689e-06
4.549 1.73480981449e-06
4.595 1.63906787003e-06
4.641 1.72433088676e-06
4.687 2.85830041168e-06
4.734 3.74891095673e-06
4.781 2.92830483319e-06
4.829 1.46485216778e-06
4.877 1.47400425067e-06
4.926 1.85996739351e-06
4.975 1.98964609084e-06
5.025 2.31568450823e-06
5.075 2.10682689459e-06
5.126 1.97638164113e-06
5.177 1.67878593792e-06
5.229 1.55886342907e-06
5.282 1.78941915507e-06
5.334 2.79717342032e-06
5.388 3.09164679932e-06
5.442 1.62210882529e-06
5.496 9.6463051752e-07
5.551 9.54897072563e-07
5.606 1.10670001122e-06
5.663 1.30822796808e-06
5.719 1.86245213929e-06
5.776 1.88984420635e-06
5.834 1.79216421068e-06
5.892 2.79654258266e-06
5.951 1.03051907039e-06
6.011 5.36039195302e-07
6.071 6.44258281952e-07
6.132 1.52818330993e-06
6.193 2.42033595191e-06
6.255 2.35866771283e-06
6.318 1.2774829085e-06
6.381 7.74080827915e-07
6.445 7.40808631891e-07
6.509 8.53971392328e-07
6.574 7.92560442174e-07
6.64 1.15453141853e-06
6.706 1.52366596456e-06
6.773 9.92578466323e-07
6.841 4.50075503255e-07
6.909 1.04272293332e-06
6.978 1.0198507893e-06
7.048 6.82566625164e-07
7.119 7.25094626139e-07
7.19 1.09950027271e-06
7.262 4.77415236872e-07
7.334 8.51475269801e-07
7.408 1.17308663329e-06
7.482 6.88814107395e-07
7.557 9.63570981761e-07
7.632 1.93966057438e-06
7.709 1.27451241698e-06
7.786 7.3797359157e-07
7.864 4.49547037305e-07
