1.0000000000e+00 2.4915146971e-02
1.0100434539e+00 2.5026481831e-02
1.0200492140e+00 3.0522599724e-02
1.0299941887e+00 3.9414814007e-02
1.0400361220e+00 3.0046236708e-02
1.0500129461e+00 3.5311557733e-02
1.0600237658e+00 3.0813573754e-02
1.0700262067e+00 3.1176190660e-02
1.0800391970e+00 3.3198450592e-02
1.0899978194e+00 2.9895504271e-02
1.1000482663e+00 3.0633850009e-02
1.1100190556e+00 3.5677442415e-02
1.1200584852e+00 2.5540509124e-02
1.1300352099e+00 2.7242840244e-02
1.1400344329e+00 4.0287546952e-02
1.1500105522e+00 4.3933716771e-02
1.1600739698e+00 3.3650290934e-02
1.1700438018e+00 3.3244664606e-02
1.1800306199e+00 3.6406337428e-02
1.1900795865e+00 3.8225475426e-02
1.2000511123e+00 3.5051796654e-02
1.2100122655e+00 4.1750493327e-02
1.2200561023e+00 4.4197774127e-02
1.2300878280e+00 3.2675663505e-02
1.2401057795e+00 4.0124060350e-02
1.2501082831e+00 2.9705237743e-02
1.2600936552e+00 3.0689627118e-02
1.2700602029e+00 3.8055422440e-02
1.2800062239e+00 3.0788305168e-02
1.2900551664e+00 3.0155750721e-02
1.3000568587e+00 3.4567572047e-02
1.3100598277e+00 3.3073167606e-02
1.3200116845e+00 3.4041433359e-02
1.3300649497e+00 3.8989734899e-02
1.3400907613e+00 3.8460711216e-02
1.3500611527e+00 3.4141145063e-02
1.3600265503e+00 2.2076701986e-02
1.3700655068e+00 2.5222741214e-02
1.3800714423e+00 2.7826200561e-02
1.3900425569e+00 3.1016470458e-02
1.4000857134e+00 3.0599995824e-02
1.4101193418e+00 3.4895862356e-02
1.4200870881e+00 3.4857347855e-02
1.4301252935e+00 2.6123769186e-02
1.4400388397e+00 3.0251676270e-02
1.4501055195e+00 2.9277157019e-02
1.4600442369e+00 2.7767742559e-02
1.4701366518e+00 3.0929238173e-02
1.4800977713e+00 3.1477931128e-02
1.4900974688e+00 2.8727861220e-02
1.5000773976e+00 2.8780126905e-02
1.5101241671e+00 2.7338235526e-02
1.5201202311e+00 3.8885570350e-02
1.5300636972e+00 3.2430665366e-02
1.5400722058e+00 3.5297705699e-02
1.5501461825e+00 3.2784235308e-02
1.5601649534e+00 3.6077989690e-02
1.5701266015e+00 3.1464415738e-02
1.5801518547e+00 2.8389630053e-02
1.5901176921e+00 2.8232099145e-02
1.6001463829e+00 2.2132681839e-02
1.6101445883e+00 2.3430029080e-02
1.6200480763e+00 3.4326749634e-02
1.6301390011e+00 4.1298751385e-02
1.6400699910e+00 3.2335949244e-02
1.6501575406e+00 3.1398269682e-02
1.6600816280e+00 2.2259354543e-02
1.6701626226e+00 2.1008836510e-02
1.6800766114e+00 2.5986188345e-02
1.6901806328e+00 3.5008064947e-02
1.7000484957e+00 3.2098077522e-02
1.7101398853e+00 4.1471461780e-02
1.7201576559e+00 3.2593017451e-02
1.7300998166e+00 3.9365638863e-02
1.7400994411e+00 3.4288814340e-02
1.7501229006e+00 3.0008750092e-02
1.7601016330e+00 2.5022911422e-02
1.7701372615e+00 2.5992677439e-02
1.7800919374e+00 2.2098761619e-02
1.7901373316e+00 2.6106033643e-02
1.8002044814e+00 3.3449248980e-02
1.8101877365e+00 3.2707147257e-02
1.8200850775e+00 2.3858445697e-02
1.8301785829e+00 3.1071835913e-02
1.8401852254e+00 3.3068449215e-02
1.8501388735e+00 2.7993445982e-02
1.8601102663e+00 2.4773360782e-02
1.8701354004e+00 3.5331715850e-02
1.8801051141e+00 3.6778318057e-02
1.8900912998e+00 2.7364576544e-02
1.9001673987e+00 2.4126302213e-02
1.9101118799e+00 2.5877044282e-02
1.9201456646e+00 3.3513738273e-02
1.9301947016e+00 2.8631660814e-02
1.9401833814e+00 2.9742345214e-02
1.9502237523e+00 3.1813124486e-02
1.9601258954e+00 3.8653250485e-02
1.9701165450e+00 3.2538423112e-02
1.9801581164e+00 3.4494902382e-02
1.9900963952e+00 2.8472786903e-02
2.0002009892e+00 3.3542440076e-02
2.0100838365e+00 2.7444730882e-02
2.0201723105e+00 2.8997546974e-02
2.0301538346e+00 3.1185088081e-02
2.0401846768e+00 2.5884429371e-02
2.0501059487e+00 2.6649837680e-02
2.0602353728e+00 2.9099086650e-02
2.0700934665e+00 3.0612004315e-02
2.0801601827e+00 3.7869913180e-02
2.0901136153e+00 4.2989664591e-02
2.1001146745e+00 3.7886125966e-02
2.1101635880e+00 3.4108280950e-02
2.1200960204e+00 2.6683128378e-02
2.1300752043e+00 2.5512283709e-02
2.1401428878e+00 2.5572414060e-02
2.1502164312e+00 2.4991692063e-02
2.1601697151e+00 3.4872221155e-02
2.1701690725e+00 3.7801086202e-02
2.1802570231e+00 4.6354947052e-02
2.1901793594e+00 4.4290884622e-02
2.2001468522e+00 3.7944278805e-02
2.2102025946e+00 4.1756450521e-02
2.2200888869e+00 3.1219589580e-02
2.2302357741e+00 2.8660270337e-02
2.2402116753e+00 3.6476527912e-02
2.2502758641e+00 3.0672117493e-02
2.2601659681e+00 3.1512711652e-02
2.2701435905e+00 3.3128659162e-02
2.2801210144e+00 4.4557088685e-02
2.2901867294e+00 4.7664428908e-02
2.3002522442e+00 2.8552113355e-02
2.3102275067e+00 2.9457283716e-02
2.3202460279e+00 4.8401122331e-02
2.3302627771e+00 3.8310103421e-02
2.3401865349e+00 2.8114524871e-02
2.3501525543e+00 3.0599995824e-02
2.3601610155e+00 3.4116798237e-02
2.3701661067e+00 3.7764699047e-02
2.3802597985e+00 4.9149201964e-02
2.3902109444e+00 5.1382826554e-02
2.4002036931e+00 5.4921107972e-02
2.4102382184e+00 3.8315569721e-02
2.4202677304e+00 3.2061461569e-02
2.4301975023e+00 4.7858638952e-02
2.4401680137e+00 3.8007943316e-02
2.4501794317e+00 4.3891426373e-02
2.4602319241e+00 4.5548556932e-02
2.4701339244e+00 4.1692455205e-02
2.4802682852e+00 4.6226158916e-02
2.4902509284e+00 3.6799313495e-02
2.5002737500e+00 4.0370979843e-02
2.5101420711e+00 4.0892717620e-02
2.5202449510e+00 4.6595315149e-02
2.5302411942e+00 4.0225802855e-02
2.5402277938e+00 4.4235625942e-02
2.5502538094e+00 5.3197414669e-02
2.5603193967e+00 3.3267202426e-02
2.5702252076e+00 4.0937959117e-02
2.5801693439e+00 4.2177077704e-02
2.5902022150e+00 4.2851880576e-02
2.6002236418e+00 4.6212970125e-02
2.6102838412e+00 4.6595315149e-02
2.6201795816e+00 3.7855057553e-02
2.6301638739e+00 6.5470688206e-02
2.6401349807e+00 7.6762888126e-02
2.6501438885e+00 5.1987504275e-02
2.6602423610e+00 7.0989726253e-02
2.6703274970e+00 6.4474185995e-02
2.6802428225e+00 4.4655734341e-02
2.6902471677e+00 4.2977399204e-02
2.7002364579e+00 5.6931680470e-02
2.7102628398e+00 7.9383115006e-02
2.7201680955e+00 6.4357006869e-02
2.7302684866e+00 5.5628901307e-02
2.7402468574e+00 6.1191607891e-02
2.7502083292e+00 6.8886920110e-02
2.7602595745e+00 6.9357831844e-02
2.7702937975e+00 7.6954790701e-02
2.7802026467e+00 7.9417100337e-02
2.7903093677e+00 6.5706975281e-02
2.8002898090e+00 7.7569341884e-02
2.8103059486e+00 9.5319198628e-02
2.8203031869e+00 8.3757996441e-02
2.8301712293e+00 9.1048903793e-02
2.8402942494e+00 1.3074610324e-01
2.8501769321e+00 1.3442037275e-01
2.8601495006e+00 9.2479227901e-02
2.8703797477e+00 1.0282490206e-01
2.8801435512e+00 1.1615711423e-01
2.8902209708e+00 1.4804667413e-01
2.9003336506e+00 1.5125460936e-01
2.9101993444e+00 1.1987377408e-01
2.9201552608e+00 1.4591817723e-01
2.9303726786e+00 2.0997224622e-01
2.9401693891e+00 2.9754547783e-01
2.9502278344e+00 4.1972225101e-01
2.9602632469e+00 5.4298768973e-01
2.9701598865e+00 6.2034399387e-01
2.9803209305e+00 5.5459508993e-01
2.9902846262e+00 4.7248867747e-01
3.0002816321e+00 3.4199038431e-01
3.0103120596e+00 2.9725906190e-01
3.0203760205e+00 2.2080245799e-01
3.0301796159e+00 1.6617199093e-01
3.0403099972e+00 1.7848485061e-01
3.0502374826e+00 1.7589364043e-01
3.0601973842e+00 1.5604974265e-01
3.0701898077e+00 1.8342870620e-01
3.0802148593e+00 1.6566303578e-01
3.0902726456e+00 2.1185298664e-01
3.1003632734e+00 2.0061558503e-01
3.1102454288e+00 1.4673237893e-01
3.1201590828e+00 1.5797628166e-01
3.1303472984e+00 1.3737224147e-01
3.1403250254e+00 9.4672019673e-02
3.1503345556e+00 9.2532021015e-02
3.1603759904e+00 1.0914375724e-01
3.1702648732e+00 8.2946352936e-02
3.1803698342e+00 6.3203628061e-02
3.1902593719e+00 8.2990743832e-02
3.2001796617e+00 8.9675879795e-02
3.2103799737e+00 6.9494030691e-02
3.2203628296e+00 6.7498097014e-02
3.2303767278e+00 6.2931433345e-02
3.2402331333e+00 5.7577007857e-02
3.2503088193e+00 4.4644586000e-02
3.2604158362e+00 4.3660334452e-02
3.2703004364e+00 4.2447228248e-02
3.2802150039e+00 5.5871503522e-02
3.2902234740e+00 7.7979912451e-02
3.3001984421e+00 6.3778847703e-02
3.3102036513e+00 6.3343555591e-02
3.3202391933e+00 6.1482587943e-02
3.3303697838e+00 6.3001057288e-02
3.3402071922e+00 6.6751096384e-02
3.3503336959e+00 5.9784950223e-02
3.3602952791e+00 5.2483104707e-02
3.3702210829e+00 6.1748516029e-02
3.3801762060e+00 5.7745658262e-02
3.3902265203e+00 5.7202403596e-02
3.4002407365e+00 5.6615772890e-02
3.4102845331e+00 5.9311297733e-02
3.4204243689e+00 5.8240035957e-02
3.4302615236e+00 4.9825244892e-02
3.4403939971e+00 4.4026270982e-02
3.4503555365e+00 5.5823695047e-02
3.4602787734e+00 5.5933236936e-02
3.4702978885e+00 5.3197338769e-02
3.4802784797e+00 7.0379489352e-02
3.4903555032e+00 8.8056056970e-02
3.5003937802e+00 9.0870330677e-02
3.5102565762e+00 6.0094872272e-02
3.5203520887e+00 6.5552379975e-02
3.5302711198e+00 6.3892603958e-02
3.5404241942e+00 8.0552447341e-02
3.5503997810e+00 1.0467502622e-01
3.5603343877e+00 1.0113336763e-01
3.5703660739e+00 1.2738091647e-01
3.5803565497e+00 1.6571007819e-01
3.5904446508e+00 1.8439932189e-01
3.6002118567e+00 1.5331300881e-01
3.6103559026e+00 1.5835404102e-01
3.6201772737e+00 2.7810780939e-01
3.6303775747e+00 7.0529014133e-01
3.6403240496e+00 1.3604328981e+00
3.6502269441e+00 3.4251482951e-01
3.6602278022e+00 2.5709106348e-01
3.6702560605e+00 2.3938967055e-01
3.6802403800e+00 2.2549807992e-01
3.6903234686e+00 2.1378076713e-01
3.7003623781e+00 1.7801410791e-01
3.7102126053e+00 1.2184363550e-01
3.7203778115e+00 1.2455485608e-01
3.7302089352e+00 1.2420880482e-01
3.7404289272e+00 1.3400847595e-01
3.7503858100e+00 1.2695453971e-01
3.7603691977e+00 1.0598242981e-01
3.7703059989e+00 1.1983940190e-01
3.7803424134e+00 1.2040926559e-01
3.7904055445e+00 1.0452951555e-01
3.8004217169e+00 8.9800585280e-02
3.8102425424e+00 9.9179293116e-02
3.8203852665e+00 1.0931113013e-01
3.8302576806e+00 1.1501493714e-01
3.8403791626e+00 1.2580954027e-01
3.8503032437e+00 1.1887724044e-01
3.8602529701e+00 9.6523379652e-02
3.8705288201e+00 1.0733295879e-01
3.8805308122e+00 1.2943738562e-01
3.8904831569e+00 1.1369339404e-01
3.9002339727e+00 1.2369152979e-01
3.9103127271e+00 1.2752184384e-01
3.9204175264e+00 1.2854021709e-01
3.9305484379e+00 2.0050799174e-01
3.9403996703e+00 2.2343243846e-01
3.9502755930e+00 2.6408974867e-01
3.9604068113e+00 3.5268080602e-01
3.9703328784e+00 4.4063127203e-01
3.9802838235e+00 5.1734928958e-01
3.9902597088e+00 5.6552116203e-01
4.0002605970e+00 4.2053086473e-01
4.0102865507e+00 3.3584891986e-01
4.0203376327e+00 2.6884188802e-01
4.0304139059e+00 2.2333682398e-01
4.0405154336e+00 2.4502218031e-01
4.0503278873e+00 1.9775922555e-01
4.0604793259e+00 1.4864438027e-01
4.0703402622e+00 1.6312385836e-01
4.0804626779e+00 1.5325286712e-01
4.0903721441e+00 1.2228773722e-01
4.1003056756e+00 1.0064396128e-01
4.1102633308e+00 1.2295254103e-01
4.1202451683e+00 1.6070979101e-01
4.1302512469e+00 1.3456889621e-01
4.1402816254e+00 1.3893412952e-01
4.1503363628e+00 1.7608798843e-01
4.1604155183e+00 1.3949524478e-01
4.1705191512e+00 1.1877551883e-01
4.1804039570e+00 1.0787412907e-01
4.1905561321e+00 1.1064486211e-01
4.2004069210e+00 8.4922074561e-02
4.2102808661e+00 8.3073551884e-02
4.2205055978e+00 1.1746103159e-01
4.2304267892e+00 1.2727645810e-01
4.2403713024e+00 1.1847932768e-01
4.2503391923e+00 1.5352642870e-01
4.2603305139e+00 1.1930627451e-01
4.2703453221e+00 9.4408857320e-02
4.2803836723e+00 1.0505655094e-01
4.2904456198e+00 1.2220053106e-01
4.3005312200e+00 1.2445271521e-01
4.3103895974e+00 1.1796908091e-01
4.3205220802e+00 1.0182834847e-01
4.3303422547e+00 1.0360154712e-01
4.3405216404e+00 1.0024985092e-01
4.3503872721e+00 1.0470489958e-01
4.3602753277e+00 1.1282483636e-01
4.3706098863e+00 1.3054553744e-01
4.3805439061e+00 1.1087400043e-01
4.3905005051e+00 9.4381921517e-02
4.4004797345e+00 1.0318481314e-01
4.4104816459e+00 1.0018193378e-01
4.4205062908e+00 1.0448478375e-01
4.4306396946e+00 1.3568225784e-01
4.4403654901e+00 1.0374576600e-01
4.4504580583e+00 9.1214552508e-02
4.4605735661e+00 1.1420143993e-01
4.4704518164e+00 1.7816020770e-01
4.4806127683e+00 1.8992655515e-01
4.4904482608e+00 1.7454965657e-01
4.5003053433e+00 1.7554866235e-01
4.5105341497e+00 1.8913559460e-01
4.5205230412e+00 1.2244049778e-01
4.5304461416e+00 1.1939141524e-01
4.5403910244e+00 9.8713425936e-02
4.5504460360e+00 1.0150198354e-01
4.5604348211e+00 1.3279985726e-01
4.5704455327e+00 1.3754364919e-01
4.5804782190e+00 1.3047105614e-01
4.5906220065e+00 1.3292781297e-01
4.6003418982e+00 1.2358568865e-01
4.6104402107e+00 1.0134642311e-01
4.6206503512e+00 1.1066064954e-01
4.6304338230e+00 1.1015263830e-01
4.6405981909e+00 1.2826999347e-01
4.6505141394e+00 1.4914360235e-01
4.6603608429e+00 1.2681423927e-01
4.6705909043e+00 1.2940045583e-01
4.6805709407e+00 1.3958981390e-01
4.6904812845e+00 1.4697836300e-01
4.7005038223e+00 1.3143794816e-01
4.7104563708e+00 1.3710770534e-01
4.7204299921e+00 1.6037193891e-01
4.7305165238e+00 1.3469855643e-01
4.7405326192e+00 1.1408744070e-01
4.7505699222e+00 1.1517504407e-01
4.7603513516e+00 1.0184287791e-01
4.7704306175e+00 1.2841648485e-01
4.7806239896e+00 1.5125439356e-01
4.7903743443e+00 1.6939739901e-01
4.8005171790e+00 1.5587706603e-01
4.8104014499e+00 1.4321602117e-01
4.8205866886e+00 1.5837663586e-01
4.8305122827e+00 1.6626661541e-01
4.8403643875e+00 1.5284343844e-01
4.8507071929e+00 1.3300369675e-01
4.8606004863e+00 1.7266102258e-01
4.8706084689e+00 1.2967306097e-01
4.8805423521e+00 1.2104658569e-01
4.8904964961e+00 1.2029336017e-01
4.9005660346e+00 1.3974923314e-01
4.9105610180e+00 1.4395865092e-01
4.9206718693e+00 1.3129269300e-01
4.9303251615e+00 1.5425648189e-01
4.9404767073e+00 2.1572639747e-01
4.9505530908e+00 1.5633364986e-01
4.9603612562e+00 1.4287926652e-01
4.9704781954e+00 1.6178532045e-01
4.9803258369e+00 1.8595148654e-01
4.9904834950e+00 1.7017864023e-01
5.0003707716e+00 1.8018610182e-01
5.0105693124e+00 1.7326562353e-01
5.0204963836e+00 1.4813097738e-01
5.0304431225e+00 1.7572407529e-01
5.0403117621e+00 2.2166227172e-01
5.0506897704e+00 1.8008329864e-01
5.0605981295e+00 1.3874099465e-01
5.0706243191e+00 1.5406402672e-01
5.0805717855e+00 1.3012713250e-01
5.0906375473e+00 1.1369339404e-01
5.1006242754e+00 1.4088032708e-01
5.1103330951e+00 1.5709946465e-01
5.1204578209e+00 1.5227207525e-01
5.1305030498e+00 1.8704243324e-01
5.1406677368e+00 2.2077064217e-01
5.1503528362e+00 2.4539827407e-01
5.1605568501e+00 2.0576807678e-01
5.1703797489e+00 1.4084013249e-01
5.1805229139e+00 1.5039364070e-01
5.1903838172e+00 1.6735545396e-01
5.2005662258e+00 2.3881825700e-01
5.2104652808e+00 2.8361756037e-01
5.2203831781e+00 1.7985862114e-01
5.2306244390e+00 1.3695129942e-01
5.2405807085e+00 1.6230551771e-01
5.2505559292e+00 1.8185192924e-01
5.2604480597e+00 1.8979788396e-01
5.2704610972e+00 1.8332379144e-01
5.2804931940e+00 1.7875855867e-01
5.2904417268e+00 1.4508758451e-01
5.3005118559e+00 1.5468624731e-01
5.3106011530e+00 1.9380678057e-01
5.3206064097e+00 2.3303725381e-01
5.3307339560e+00 1.9259392712e-01
5.3404662457e+00 1.6133583164e-01
5.3505277686e+00 1.7818562860e-01
5.3607122689e+00 1.6881231725e-01
5.3704992899e+00 2.0845707752e-01
5.3806173956e+00 2.5451804511e-01
5.3904407572e+00 2.0312100787e-01
5.4007012302e+00 2.0571670661e-01
5.4105612588e+00 2.2030652717e-01
5.4203341085e+00 1.6918605356e-01
5.4306514822e+00 1.7369877710e-01
5.4405661908e+00 1.8998075858e-01
5.4503932370e+00 1.9916793440e-01
5.4603439880e+00 2.3991965920e-01
5.4707375188e+00 2.5096618497e-01
5.4807254122e+00 2.0642969422e-01
5.4906249963e+00 1.9248404480e-01
5.5006491981e+00 2.2380732283e-01
5.5106917011e+00 2.2216093748e-01
5.5207525387e+00 1.6968162111e-01
5.5307244219e+00 1.5024887246e-01
5.5403917807e+00 1.6267065068e-01
5.5505068415e+00 1.8646955566e-01
5.5606403693e+00 2.1202655617e-01
5.5706843000e+00 2.7892242266e-01
5.5804215062e+00 2.4539827407e-01
5.5906096490e+00 1.8548116230e-01
5.6008163923e+00 1.3992380642e-01
5.6106062675e+00 1.4214220492e-01
5.6207404493e+00 2.0362879810e-01
5.6305651505e+00 2.1732509788e-01
5.6404070246e+00 1.8419553788e-01
5.6507046827e+00 2.1100051358e-01
5.6605817594e+00 2.3212470628e-01
5.6703660686e+00 2.6383553707e-01
5.6807184227e+00 2.6211898528e-01
5.6906479616e+00 3.0243498232e-01
5.7005948567e+00 3.1224556484e-01
5.7105591383e+00 2.5459068241e-01
5.7205408369e+00 2.3019533758e-01
5.7304287853e+00 2.3463029901e-01
5.7404452148e+00 2.3167803698e-01
5.7504791523e+00 2.3003118005e-01
5.7605306286e+00 2.3003118005e-01
5.7705996742e+00 2.2971108178e-01
5.7806863198e+00 2.3277108394e-01
5.7907905963e+00 2.0721136566e-01
5.8003497407e+00 1.9886240885e-01
5.8104883876e+00 1.9864292476e-01
5.8206447562e+00 1.7888612643e-01
5.8308188776e+00 1.8979788396e-01
5.8405574310e+00 1.9170978376e-01
5.8507663584e+00 2.0917956291e-01
5.8605382279e+00 2.4025364016e-01
5.8707820805e+00 2.1623484681e-01
5.8804732707e+00 2.2495982504e-01
5.8907519685e+00 2.1494296271e-01
5.9005906214e+00 2.4505714145e-01
5.9104457066e+00 3.0197147496e-01
5.9207767944e+00 3.1999150493e-01
5.9306655943e+00 3.7781486691e-01
5.9405709103e+00 2.8960810912e-01
5.9504927701e+00 2.0494038112e-01
5.9604312012e+00 1.9679520609e-01
5.9708496604e+00 2.4321973290e-01
5.9808220914e+00 2.3686704569e-01
5.9908111781e+00 1.9867126825e-01
6.0007005063e+00 1.7722217975e-01
6.0107227937e+00 1.8238459675e-01
6.0207618202e+00 2.1072974618e-01
6.0308176137e+00 2.4240561376e-01
6.0404213370e+00 2.4277803763e-01
6.0505099655e+00 2.7701916590e-01
6.0606154440e+00 2.5173757028e-01
6.0707378005e+00 2.1717042827e-01
6.0804050943e+00 2.0962053604e-01
6.0905605032e+00 2.1506597287e-01
6.1007328735e+00 2.0640053836e-01
6.1104479327e+00 2.3083700138e-01
6.1206535187e+00 2.3336198705e-01
6.1308761500e+00 2.8204420039e-01
6.1406392106e+00 3.1193431720e-01
6.1504178183e+00 2.3630199068e-01
6.1606901615e+00 2.2707230650e-01
6.1705006992e+00 2.5051042188e-01
6.1808065845e+00 2.5555545060e-01
6.1906491564e+00 2.5587432271e-01
6.2005074020e+00 2.5162948403e-01
6.2108634041e+00 2.2811921227e-01
6.2207538397e+00 2.9433610285e-01
6.2306600253e+00 3.4207529575e-01
6.2405819859e+00 3.5897586853e-01
6.2505197466e+00 3.6285071382e-01
6.2604733326e+00 3.1185599760e-01
6.2704427691e+00 2.6791333490e-01
6.2804280814e+00 2.2735563847e-01
6.2904292946e+00 2.2895067248e-01
6.3004464343e+00 2.1440695828e-01
6.3104795256e+00 1.9042852758e-01
6.3205285940e+00 1.9372384393e-01
6.3305936650e+00 2.0337474450e-01
6.3406747641e+00 2.2499192357e-01
6.3507719167e+00 2.9477737583e-01
6.3603914466e+00 3.6948541644e-01
6.3705199968e+00 3.2084868075e-01
6.3807884914e+00 2.7888263012e-01
6.3909495228e+00 2.5166538793e-01
6.4006299098e+00 2.7345510916e-01
6.4108225375e+00 2.8035874164e-01
6.4205330262e+00 2.5138726662e-01
6.4307573484e+00 2.6723570582e-01
6.4404980324e+00 3.0038157064e-01
6.4507541477e+00 3.7881342473e-01
6.4605251209e+00 3.7217048742e-01
6.4708131282e+00 3.6559187711e-01
6.4806144848e+00 3.3748206894e-01
6.4904306876e+00 3.1856796447e-01
6.5007663177e+00 2.9565136175e-01
6.5107343278e+00 3.2335326421e-01
6.5205961532e+00 3.1263561872e-01
6.5304729163e+00 3.4509005576e-01
6.5408723113e+00 2.8086920964e-01
6.5507797868e+00 2.6497669397e-01
6.5607022691e+00 2.7395300725e-01
6.5706397810e+00 2.4960030889e-01
6.5805923453e+00 3.0345071007e-01
6.5905599848e+00 3.0710936671e-01
6.6006759275e+00 2.9630590906e-01
6.6106739877e+00 2.9408424350e-01
6.6206871919e+00 3.0146566315e-01
6.6307155631e+00 3.3843438036e-01
6.6407591244e+00 3.4394721837e-01
6.6508178986e+00 3.5067378324e-01
6.6608919089e+00 3.2703017660e-01
6.6705876695e+00 3.4079654128e-01
6.6806916251e+00 3.8826611951e-01
6.6908108852e+00 3.5717500049e-01
6.7009454730e+00 3.0818476063e-01
6.7105745282e+00 3.0942943083e-01
6.7207390520e+00 3.1865888108e-01
6.7305219275e+00 3.5808068848e-01
6.7407166657e+00 3.4746148846e-01
6.7509268459e+00 3.7622801433e-01
6.7606277228e+00 3.2598202861e-01
6.7708680623e+00 2.9314168887e-01
6.7805975941e+00 4.0579537168e-01
6.7908681821e+00 4.5370938361e-01
6.8007531393e+00 3.5032373037e-01
6.8105256151e+00 3.8008566943e-01
6.8208415351e+00 4.3193258290e-01
6.8306428773e+00 4.6207135285e-01
6.8404583037e+00 5.6324637085e-01
6.8509471837e+00 4.2484277925e-01
6.8607917868e+00 3.2120365042e-01
6.8706505363e+00 2.4635421639e-01
6.8805234525e+00 2.4887133299e-01
6.8904105558e+00 2.7872351674e-01
6.9009760305e+00 2.7379670641e-01
6.9108925235e+00 2.7973942203e-01
6.9208232663e+00 3.0239183536e-01
6.9307682792e+00 3.4867818196e-01
6.9407275827e+00 3.7917842016e-01
6.9508306791e+00 3.6163615895e-01
6.9608188117e+00 3.7160010446e-01
6.9708212970e+00 3.5229105021e-01
6.9808381556e+00 3.3762655105e-01
6.9909996379e+00 3.3184788305e-01
7.0005021041e+00 2.9954701932e-01
7.0105616131e+00 3.6906392514e-01
7.0206355772e+00 4.2637605865e-01
7.0308549897e+00 4.0399011710e-01
7.0409581148e+00 3.8686988623e-01
7.0505284867e+00 3.2372255143e-01
7.0606598821e+00 3.0778928108e-01
7.0708058360e+00 3.5732791349e-01
7.0805596677e+00 3.4916356059e-01
7.0907342170e+00 3.6722554680e-01
7.1009233868e+00 3.9597240267e-01
7.1107077258e+00 3.5657672102e-01
7.1209255969e+00 3.4619964284e-01
7.1306046640e+00 4.0721633086e-01
7.1408511265e+00 5.3160350615e-01
7.1507015823e+00 4.7745185679e-01
7.1609769234e+00 4.6233513301e-01
7.1707104300e+00 4.1373149893e-01
7.1804571668e+00 3.8809996698e-01
7.1909092195e+00 4.2171752435e-01
7.2006834113e+00 4.2596563098e-01
7.2104708887e+00 4.4987406201e-01
7.2208321164e+00 4.1367247383e-01
7.2307929022e+00 4.3787377740e-01
7.2406213056e+00 4.9519546821e-01
7.2504630683e+00 4.2674121522e-01
7.2610170234e+00 6.2284849738e-01
7.2708865088e+00 6.0446360940e-01
7.2807694092e+00 5.4244488954e-01
7.2908128755e+00 4.4253711617e-01
7.3007228606e+00 3.9884995604e-01
7.3106463159e+00 4.0427841722e-01
7.3207309959e+00 4.4476837802e-01
7.3306816471e+00 3.9929122211e-01
7.3406458237e+00 3.7812494723e-01
7.3506235439e+00 3.9934819522e-01
7.3607633706e+00 3.9629738525e-01
7.3707684355e+00 4.2978104369e-01
7.3807870997e+00 4.5752844139e-01
7.3909570620e+00 5.4547165123e-01
7.4010031675e+00 6.3654894258e-01
7.4104877164e+00 6.4010079087e-01
7.4207101228e+00 6.0053088257e-01
7.4307966699e+00 5.9711340383e-01
7.4408969270e+00 5.7802245922e-01
7.4505829575e+00 5.6184180034e-01
7.4607101091e+00 6.3141572341e-01
7.4708510259e+00 6.4601854723e-01
7.4805644359e+00 6.5717428981e-01
7.4907323395e+00 6.0168869069e-01
7.5009140638e+00 5.3680533260e-01
7.5106782204e+00 5.9096871694e-01
7.5208870560e+00 6.5471762436e-01
7.5306772119e+00 4.9493059325e-01
7.5409132310e+00 4.9817177015e-01
7.5505770778e+00 5.2474606460e-01
7.5609927306e+00 5.7146240106e-01
7.5706823097e+00 6.0388175546e-01
7.5809727054e+00 6.6630872317e-01
7.5908292928e+00 5.6128095335e-01
7.6005571081e+00 6.5080604718e-01
7.6108881109e+00 6.3564139128e-01
7.6207954239e+00 6.2773291792e-01
7.6305616414e+00 6.7470319260e-01
7.6410876290e+00 7.3231023259e-01
7.6508798515e+00 6.2284849738e-01
7.6606846229e+00 6.0312833387e-01
7.6706567574e+00 5.7129935704e-01
7.6810830427e+00 5.1396500812e-01
7.6909265201e+00 4.4956928194e-01
7.7009380214e+00 4.5151378529e-01
7.7108069434e+00 5.1290281971e-01
7.7208323380e+00 6.3539204160e-01
7.7307267551e+00 7.9152569530e-01
7.7407900655e+00 8.7994831520e-01
7.7507100588e+00 8.9651765323e-01
7.7606427648e+00 6.6733146547e-01
7.7707450177e+00 5.6489619136e-01
7.7807033990e+00 5.3033458987e-01
7.7908317654e+00 8.3490917774e-01
7.8008158883e+00 9.9556765279e-01
7.8108128060e+00 1.0227060632e+00
7.8209803667e+00 1.1518942353e+00
7.8310031257e+00 9.9556765279e-01
7.8411847963e+00 9.2880748411e-01
7.8506240721e+00 1.0556929735e+00
7.8608312534e+00 8.8312409385e-01
7.8709050822e+00 7.9651030037e-01
7.8809918208e+00 7.5364216066e-01
7.8906260048e+00 7.4788473131e-01
7.9007380162e+00 7.5501436758e-01
7.9110226352e+00 7.2067546881e-01
7.9205459823e+00 6.3848179377e-01
7.9308563858e+00 5.6411091887e-01
7.9410199533e+00 6.7696918296e-01
7.9505794114e+00 7.9361768331e-01
7.9609289103e+00 6.8868395934e-01
7.9711310165e+00 6.7237283495e-01
7.9808877812e+00 6.8667260763e-01
7.9911154650e+00 7.7126427607e-01
8.0008966910e+00 8.2405104847e-01
8.0111500167e+00 8.6088634835e-01
8.0209557652e+00 9.4592562162e-01
8.0306114506e+00 9.9862626677e-01
8.0409028564e+00 1.0409605258e+00
8.0507450227e+00 1.1124835474e+00
8.0610622302e+00 1.3457129619e+00
8.0709290718e+00 1.2273126877e+00
8.0806449155e+00 1.0615835831e+00
8.0911637244e+00 1.0040551884e+00
8.1009039267e+00 9.3349050984e-01
8.1108195351e+00 7.3353893359e-01
8.1212137294e+00 7.7775632350e-01
8.1311415747e+00 9.0667978772e-01
8.1409299026e+00 9.9709578698e-01
8.1508818501e+00 1.0604104022e+00
8.1606939415e+00 1.0089736453e+00
8.1706700498e+00 8.9815000315e-01
8.1811409438e+00 1.0836969936e+00
8.1911420476e+00 1.3223029548e+00
8.2010026046e+00 1.2417558137e+00
8.2110279885e+00 1.2245578433e+00
8.2209124842e+00 1.1007604908e+00
8.2309622071e+00 1.0116403443e+00
8.2408706998e+00 1.6458203827e+00
8.2509448208e+00 1.8119474490e+00
8.2608773688e+00 1.3699282733e+00
8.2709759471e+00 1.0730424930e+00
8.2809326086e+00 9.8630717225e-01
8.2910557036e+00 1.1329868774e+00
8.3010365373e+00 1.1496776863e+00
8.3111842086e+00 1.1662815321e+00
8.3211892731e+00 1.0558436057e+00
8.3307149393e+00 1.1777357936e+00
8.3407435151e+00 1.7086899047e+00
8.3509397265e+00 1.8448155663e+00
8.3609926490e+00 2.1449492431e+00
8.3712136141e+00 1.9391395962e+00
8.3806404263e+00 1.3810161164e+00
8.3908984357e+00 1.3560726429e+00
8.4009994608e+00 1.5081533376e+00
8.4106295460e+00 1.6174204601e+00
8.4207543236e+00 1.6314422417e+00
8.4310614329e+00 1.3198997247e+00
8.4405556397e+00 1.4575411222e+00
8.4508869860e+00 1.6564211921e+00
8.4610602258e+00 2.1548415011e+00
8.4707460091e+00 2.7406540359e+00
8.4811143088e+00 2.5170578595e+00
8.4906648801e+00 2.1741426115e+00
8.5010575608e+00 1.9466934619e+00
8.5106305901e+00 2.1023799084e+00
8.5210477091e+00 2.2077457952e+00
8.5306432493e+00 2.1847928495e+00
8.5410848641e+00 1.9562295193e+00
8.5507029681e+00 1.9546225299e+00
8.5611558461e+00 2.0414120723e+00
8.5709695189e+00 2.2625105721e+00
8.5806212760e+00 2.3109584899e+00
8.5911240645e+00 2.7080002006e+00
8.6007985176e+00 3.1764277524e+00
8.6113126353e+00 4.5408920258e+00
8.6210098227e+00 5.4516938335e+00
8.6308787080e+00 4.7236094801e+00
8.6405979288e+00 3.7284094180e+00
8.6511741294e+00 3.5987919121e+00
8.6610775452e+00 3.6681265194e+00
8.6708307728e+00 3.7450700438e+00
8.6807566905e+00 3.1443009545e+00
8.6912066492e+00 3.1154980555e+00
8.7011693995e+00 3.2259823228e+00
8.7109677745e+00 3.6122954859e+00
8.7209396390e+00 4.6751672086e+00
8.7309364723e+00 5.1944723841e+00
8.7407683680e+00 4.7202409670e+00
8.7507879310e+00 4.6581888112e+00
8.7606421814e+00 4.6414376245e+00
8.7706709105e+00 4.5378156684e+00
8.7807247509e+00 5.1857714780e+00
8.7906127131e+00 5.6277364243e+00
8.8006757510e+00 5.7273696807e+00
8.8105861800e+00 5.7226648022e+00
8.8206720824e+00 5.8086265732e+00
8.8307695307e+00 6.5901507921e+00
8.8407138482e+00 6.3537889678e+00
8.8508342393e+00 5.9784694328e+00
8.8608011516e+00 5.9727231067e+00
8.8709583086e+00 6.5444818588e+00
8.8811133219e+00 7.9416873720e+00
8.8911143315e+00 7.6157225241e+00
8.9013062365e+00 8.2474089584e+00
8.9106383300e+00 8.1765248263e+00
8.9208387670e+00 7.0696405162e+00
8.9310647452e+00 6.8896552684e+00
8.9411220050e+00 6.1620727307e+00
8.9506625761e+00 4.9472691254e+00
8.9609088308e+00 4.0535356857e+00
8.9709996980e+00 3.7938757216e+00
8.9812692335e+00 3.7681168340e+00
8.9906851600e+00 3.9032759658e+00
9.0009912032e+00 4.0326249857e+00
9.0112950715e+00 4.0568625046e+00
9.0207424769e+00 5.1205209272e+00
9.0310829749e+00 5.2996509166e+00
9.0407195383e+00 5.3322644434e+00
9.0509002803e+00 5.4464460576e+00
9.0612612819e+00 6.2319205599e+00
9.0707610717e+00 5.9321707232e+00
9.0811448088e+00 5.6852376474e+00
9.0908347905e+00 5.0312649420e+00
9.1010719671e+00 5.8206641660e+00
9.1107973552e+00 5.7394354066e+00
9.1212269238e+00 6.9021997266e+00
9.1307895813e+00 8.6040929643e+00
9.1412562266e+00 8.1218785649e+00
9.1510103497e+00 6.7432931230e+00
9.1606042321e+00 7.9660860715e+00
9.1710908171e+00 9.2005180703e+00
9.1808767750e+00 7.1248269819e+00
9.1912153478e+00 6.6434992368e+00
