1.			0.021105428972705145
1.06735			0.022733160727809662
1.1347			0.024184693554002188
1.20205			0.02544679890698761
1.2694			0.02651143123770893
1.33675			0.027375266416169906
1.4041000000000001	0.028038785180920962
1.47145			0.028505506707691784
1.5388000000000002	0.028781296030751358
1.60615			0.028873624643102384
1.6735000000000002	0.028790922457322676
1.74085			0.02854205775240835
1.8082			0.02813571771656176
1.87555			0.027580073790581423
1.9429			0.026882343814661903
2.01025			0.026048464242023096
2.0776000000000003	0.02508274784122361
2.14495			0.023987541003371752
2.2123			0.02276285778484535
2.27965			0.021405950157927883
2.3470000000000004	0.019910816006865745
2.347			0.0199108160067271
2.3715401216290193	0.0193298909454481
2.3960802432580386	0.018728744585990633
2.4206203648870583	0.018106688878775958
2.4451604865160776	0.017462956649959928
2.469700608145097	0.016796702364073567
2.4942407297741163	0.016107008166212796
2.518780851403136	0.015392891089461045
2.5433209730321553	0.014653318885279834
2.5678610946611746	0.013887236107820434
2.592401216290194	0.01309360224266077
2.6169413379192137	0.012271449930957763
2.641481459548233	0.011419971455847455
2.6660215811772523	0.010538637514704088
2.6905617028062716	0.009627363309598388
2.7151018244352914	0.008686721645960438
2.7396419460643107	0.007718170311178926
2.76418206769333	0.006724147950509581
2.7887221893223493	0.005707268788500297
2.8132623109513686	0.004663689190564551
2.8378024325803883	0.0033642170821775613
2.8623425542094076	0.002864639546323172
2.886882675838427	0.0020760764183953865
2.9114227974674467	0.0012980992314716132
2.9359629190964656	0.0006450819890545195
2.9605030407254853	0.0002108449677943103
2.9850431623545046	0.0000675656049001481
3.009583283983524	0.00027707646107859524
3.0341234056125437	0.000816937704225635
3.058663527241563	0.0016488178338326827
3.0832036488705823	0.0027008476286323525
3.1077437704996016	0.0038877100428625798
3.132283892128621	0.00512728517053275
3.1568240137576407	0.006351006947805429
3.18136413538666	0.007507745613333477
3.2059042570156793	0.008562950147665628
3.230444378644699	0.00949532587770865
3.2549845002737183	0.010292818938503185
3.2795246219027376	0.01094889890239096
3.304064743531757	0.011459505674995239
3.3286048651607762	0.011820662549102929
3.353144986789796	0.012026593493576345
3.3776851084188153	0.012068143043909761
3.4022252300478346	0.011931329502404124
3.4267653516768544	0.011595955937823857
3.4513054733058732	0.011034426471835699
3.475845594934893	0.010211451806331264
3.5003857165639123	0.00908660561311399
3.5249258381929316	0.007624554759979881
3.5494659598219513	0.005823176285585543
3.57400608145097	0.0033877979491149877
3.59854620307999	0.0016394285048783952
3.6230863247090093	0.00034522622706666085
3.6476264463380286	0.00013727250335257495
3.6721665679670483	0.0011954610230708437
3.6967066895960676	0.002597143460804153
3.721246811225087	0.00359575121533446
3.7457869328541067	0.004093843502780373
3.7703270544831256	0.004229410546289262
3.7948671761121453	0.004126688794831552
3.8194072977411646	0.0038575370525461058
3.843947419370184	0.0034561454367540738
3.8684875409992037	0.002937017628831569
3.893027662628223	0.002311873311576583
3.9175677842572423	0.0016115637905564852
3.9421079058862616	0.0009153221877016462
3.966648027515281	0.0003691384425878419
3.9911881491443006	0.00015332199847742915
4.0157282707733195	0.00038695342445449135
4.040268392402339	0.0009719113107552077
4.064808514031359	0.0017034258443862028
4.089348635660378	0.0023965870776738595
4.113888757289398	0.0029587843386872058
4.1384288789184165	0.0033730945335505025
4.162969000547436	0.0036582740402314466
4.187509122176456	0.0038422955198791423
4.212049243805476	0.003951024581689104
4.236589365434495	0.004005087863406736
4.261129487063514	0.00401996269478907
4.285669608692533	0.004006972245758696
4.310209730321553	0.003974330067278633
4.334749851950573	0.003927991743346206
4.359289973579592	0.003872290246929717
4.3838300952086104	0.003810392564502916
4.40837021683763	0.003744623826184721
4.43291033846665	0.0036766965918255275
4.45745046009567	0.0036078741020976212
4.481990581724689	0.0035390870516720362
4.506530703353708	0.0034710183009977074
4.531070824982727	0.003404165281410189
4.555610946611747	0.003338884053681736
4.580151068240767	0.0032754235269703523
4.604691189869786	0.003213951300597691
4.629231311498805	0.0031545729751807396
4.653771433127824	0.003097346881446366
4.678311554756844	0.003042295391917124
4.702851676385864	0.002989413651718821
4.727391798014883	0.0029386763403686624
4.751931919643902	0.002890042931310821
4.776472041272921	0.0028434615817781884
4.801012162901941	0.0027988726938892837
4.89262894023382	0.0026488797411265454
4.984245717565699	0.0025221055100097295
5.075862494897577	0.0024150050272100185
5.167479272229456	0.002324413986619216
5.259096049561335	0.0022476266744894473
5.350712826893214	0.002182372529621057
5.442329604225092	0.0021267654825305317
5.533946381556971	0.0020792456498090767
5.62556315888885	0.002038524222552444
5.717179936220729	0.002003535350150173
5.808796713552608	0.0019733957168741032
5.900413490884486	0.0019473712561114524
5.992030268216365	0.0019248500188204117
6.083647045548244	0.001905303911709111
6.175263822880122	0.0018882815406239036
6.266880600212001	0.0018734221904391788
6.3584973775438804	0.001860421279346082
6.4501141548757595	0.0018490903922777368
6.5417309322076385	0.0018393714057721253
6.633347709539517	0.0018308763706418396
6.724964486871396	0.0018234464539860953
6.816581264203275	0.0018169455855921036
6.908198041535153	0.0018112568568561197
6.999814818867032	0.0018062795243537482
7.091431596198911	0.001801919403370196
7.18304837353079	0.00179809067283383
7.274665150862669	0.0017947230513011192
7.366281928194548	0.0017917547618994006
7.457898705526426	0.0017891312450266682
7.549515482858305	0.0017868040530911202
7.641132260190183	0.0017847298922041305
7.732749037522062	0.0017828697814839217
7.824365814853941	0.0017811883022680046
7.91598259218582	0.0017796529122669348
8.007599369517699	0.0017782331304596712
8.099216146849578	0.0017768751641845726
