1162.73 0.00932584
1165.24 0.00841657
1167.75 0.00799574
1170.26 0.00799574
1172.78 0.00799574
1175.31 0.00799574
1177.84 0.00799574
1180.37 0.00841657
1182.9 0.00685535
1185.45 0.00503931
1187.99 0.00685535
1190.54 0.00721616
1193.09 0.00721616
1195.65 0.00759596
1198.22 0.00841657
1200.78 0.00885955
1203.35 0.0103333
1205.93 0.0108772
1208.51 0.0108772
1211.09 0.0114497
1213.68 0.0114497
1216.27 0.0120523
1218.87 0.0114497
1221.47 0.0108772
1224.08 0.0103333
1226.69 0.00932584
1229.3 0.0103333
1231.92 0.00981667
1234.55 0.0108772
1237.17 0.0120523
1239.81 0.0114497
1242.44 0.00759596
1245.08 0.00721616
1247.73 0.00685535
1250.38 0.00651258
1253.03 0.00618695
1255.69 0.00618695
1258.36 0.00685535
1261.02 0.00651258
1263.7 0.00759596
1266.37 0.00799574
1269.05 0.00932584
1271.74 0.0108772
1274.43 0.0140572
1277.13 0.0155759
1279.82 0.0172586
1282.53 0.0163956
1285.24 0.0140572
1287.95 0.0133543
1290.67 0.0126866
1293.39 0.0133543
1296.11 0.0120523
1298.85 0.0147971
1301.58 0.0163956
1304.32 0.0181669
1307.07 0.0181669
1309.82 0.0191231
1312.57 0.0172586
1315.33 0.0163956
1318.09 0.0155759
1320.86 0.0126866
1323.63 0.0147971
1326.41 0.0126866
1329.19 0.0120523
1331.98 0.0114497
1334.77 0.0120523
1337.56 0.0120523
1340.36 0.0126866
1343.17 0.0120523
1345.98 0.0133543
1348.79 0.00981667
1351.61 0.0103333
1354.43 0.0103333
1357.26 0.0114497
1360.09 0.0108772
1362.93 0.0120523
1365.77 0.0120523
1368.62 0.0120523
1371.47 0.0114497
1374.33 0.0126866
1377.19 0.0126866
1380.06 0.0126866
1382.93 0.0114497
1385.8 0.0120523
1388.68 0.0108772
1391.57 0.0103333
1394.46 0.00841657
1397.35 0.0108772
1400.25 0.0103333
1403.16 0.00981667
1406.07 0.0126866
1408.98 0.0133543
1411.9 0.0133543
1414.82 0.0126866
1417.75 0.0133543
1420.69 0.0181669
1423.62 0.0191231
1426.57 0.0247138
1429.52 0.0247138
1432.47 0.0247138
1435.43 0.0247138
1438.39 0.0223042
1441.36 0.021189
1444.33 0.0181669
1447.31 0.0147971
1450.29 0.0172586
1453.28 0.0163956
1456.27 0.0103333
1459.27 0.0103333
1462.27 0.0147971
1465.28 0.0126866
1468.29 0.0126866
1471.31 0.0126866
1474.33 0.0108772
1477.36 0.0120523
1480.39 0.0126866
1483.43 0.0140572
1486.47 0.0140572
1489.51 0.0163956
1492.57 0.0172586
1495.62 0.0163956
1498.69 0.0155759
1501.76 0.0147971
1504.83 0.0133543
1507.91 0.0133543
1510.99 0.0133543
1514.08 0.0120523
1517.17 0.0126866
1520.27 0.0172586
1523.37 0.0181669
1526.48 0.0147971
1529.59 0.0147971
1532.71 0.0140572
1535.84 0.0155759
1538.96 0.0147971
1542.1 0.0147971
1545.24 0.0147971
1548.38 0.0140572
1551.53 0.0163956
1554.69 0.0172586
1557.85 0.0163956
1561.01 0.0191231
1564.18 0.0163956
1567.36 0.0163956
1570.54 0.0140572
1573.73 0.0140572
1576.92 0.0172586
1580.12 0.0191231
1583.32 0.0201295
1586.53 0.021189
1589.74 0.0223042
1592.96 0.0181669
1596.18 0.0201295
1599.41 0.0163956
1602.64 0.0223042
1605.88 0.0223042
1609.13 0.0163956
1612.38 0.0163956
1615.63 0.0147971
1618.89 0.0140572
1622.16 0.0133543
1625.43 0.0133543
1628.71 0.0120523
1631.99 0.0147971
1635.28 0.0133543
1638.57 0.0163956
1641.87 0.0155759
1645.17 0.0172586
1648.48 0.0172586
1651.8 0.0172586
1655.12 0.0181669
1658.44 0.0181669
1661.77 0.0191231
1665.11 0.0155759
1668.45 0.0163956
1671.8 0.0172586
1675.15 0.0155759
1678.51 0.021189
1681.88 0.0234781
1685.25 0.0234781
1688.62 0.0201295
1692 0.0191231
1695.39 0.021189
1698.78 0.0191231
1702.18 0.0191231
1705.58 0.0181669
1708.99 0.0201295
1712.41 0.0163956
1715.83 0.0155759
1719.25 0.0155759
1722.68 0.0155759
1726.12 0.0114497
1729.56 0.0140572
1733.01 0.0147971
1736.47 0.0163956
1739.93 0.0155759
1743.39 0.0181669
1746.86 0.0147971
1750.34 0.0223042
1753.82 0.0260145
1757.31 0.0303421
1760.8 0.0303421
1764.3 0.0303421
1767.81 0.021189
1771.32 0.0223042
1774.84 0.0172586
1778.36 0.0172586
1781.89 0.0155759
1785.42 0.0140572
1788.96 0.0133543
1792.51 0.0140572
1796.06 0.0120523
1799.62 0.0147971
1803.18 0.0147971
1806.75 0.0147971
1810.32 0.0172586
1813.9 0.0191231
1817.49 0.0163956
1821.08 0.0147971
1824.68 0.0155759
1828.29 0.0181669
1831.9 0.021189
1835.51 0.021189
1839.13 0.0247138
1842.76 0.0223042
1846.4 0.0223042
1850.04 0.021189
1853.68 0.0223042
1857.33 0.021189
1860.99 0.0223042
1864.66 0.021189
1868.33 0.021189
1872 0.0181669
1875.68 0.0172586
1879.37 0.0172586
1883.07 0.0155759
1886.77 0.0155759
1890.47 0.0155759
1894.18 0.0181669
1897.9 0.0147971
1901.63 0.0147971
1905.36 0.0172586
1909.09 0.0155759
1912.84 0.0155759
1916.59 0.0140572
1920.34 0.0147971
1924.1 0.0155759
1927.87 0.0155759
1931.64 0.0155759
1935.42 0.0163956
1939.21 0.0172586
1943 0.0155759
1946.8 0.0172586
1950.6 0.0191231
1954.41 0.0201295
1958.23 0.0223042
1962.05 0.0247138
1965.88 0.0223042
1969.72 0.0201295
1973.56 0.0133543
1977.41 0.0140572
1981.26 0.021189
1985.13 0.0181669
1988.99 0.021189
1992.87 0.0247138
1996.75 0.028825
2000.63 0.03362
2004.52 0.03362
2008.42 0.031939
2012.33 0.031939
2016.24 0.028825
2020.16 0.0273837
2024.08 0.0126866
2028.01 0.0120523
2031.95 0.0120523
2035.89 0.0163956
2039.84 0.0140572
2043.8 0.0140572
2047.76 0.0133543
2051.73 0.0147971
2055.71 0.0172586
2059.69 0.021189
2063.68 0.021189
2067.68 0.0181669
2071.68 0.021189
2075.69 0.0260145
2079.7 0.031939
2083.72 0.031939
2087.75 0.0273837
2091.79 0.0273837
2095.83 0.028825
2099.88 0.0247138
2103.93 0.028825
2107.99 0.0260145
2112.06 0.0260145
2116.14 0.0273837
2120.22 0.0260145
2124.31 0.0163956
2128.4 0.0191231
2132.5 0.0172586
2136.61 0.0163956
2140.72 0.0147971
2144.85 0.0140572
2148.97 0.0140572
2153.11 0.0133543
2157.25 0.0140572
2161.4 0.0155759
2165.55 0.0147971
2169.72 0.0140572
2173.88 0.0147971
2178.06 0.0181669
2182.24 0.0223042
2186.43 0.0247138
2190.63 0.0260145
2194.83 0.0260145
2199.04 0.0273837
2203.26 0.028825
2207.48 0.028825
2211.71 0.0260145
2215.95 0.0247138
2220.19 0.0181669
2224.44 0.0163956
2228.7 0.0163956
2232.96 0.0147971
2237.24 0.0147971
2241.52 0.0133543
2245.8 0.0201295
2250.09 0.0181669
2254.39 0.0201295
2258.7 0.0223042
2263.01 0.0234781
2267.34 0.0273837
2271.66 0.0273837
2276 0.0273837
2280.34 0.028825
2284.69 0.028825
2289.05 0.0303421
2293.41 0.031939
2297.78 0.0273837
2302.16 0.0273837
2306.54 0.0201295
2310.93 0.0201295
2315.33 0.0172586
2319.74 0.0181669
2324.15 0.021189
2328.57 0.0201295
2333 0.0234781
2337.43 0.021189
2341.88 0.0223042
2346.33 0.021189
2350.78 0.0163956
2355.25 0.0147971
2359.72 0.0147971
2364.2 0.0147971
2368.68 0.0155759
2373.17 0.0181669
2377.67 0.0172586
2382.18 0.0163956
2386.7 0.0191231
2391.22 0.021189
2395.75 0.0223042
2400.29 0.0303421
2404.83 0.03362
2409.38 0.031939
2413.94 0.0353895
2418.51 0.03362
2423.08 0.0303421
2427.66 0.028825
2432.25 0.0247138
2436.85 0.0223042
2441.45 0.0234781
2446.06 0.021189
2450.68 0.021189
2455.31 0.0163956
2459.94 0.0234781
2464.59 0.0223042
2469.24 0.0172586
2473.89 0.0201295
2478.56 0.0247138
2483.23 0.028825
2487.91 0.0303421
2492.59 0.0273837
2497.29 0.0303421
2501.99 0.0303421
2506.7 0.028825
2511.42 0.0273837
2516.14 0.0247138
2520.88 0.0223042
2525.62 0.0223042
2530.37 0.021189
2535.12 0.0191231
2539.89 0.0163956
2544.66 0.0155759
2549.44 0.0163956
2554.22 0.0181669
2559.02 0.0181669
2563.82 0.0181669
2568.63 0.0247138
2573.45 0.0163956
2578.28 0.0163956
2583.11 0.0191231
2587.95 0.0181669
2592.8 0.0172586
2597.66 0.0163956
2602.53 0.0191231
2607.4 0.0191231
2612.28 0.0201295
2617.17 0.0201295
2622.07 0.0260145
2626.97 0.028825
2631.89 0.028825
2636.81 0.03362
2641.74 0.0353895
2646.67 0.03362
2651.62 0.0392127
2656.57 0.0392127
2661.53 0.0353895
2666.5 0.0353895
2671.48 0.0353895
2676.47 0.031939
2681.46 0.0247138
2686.46 0.028825
2691.47 0.0273837
2696.49 0.0260145
2697.00 99999
3303.18 99999
3303.19 0.236103
3310.48 0.224298
3317.79 0.164879
3325.12 0.182692
3332.45 0.156635
3339.8 0.0763871
3347.17 0.156635
3354.54 0.202429
3361.93 0.202429
3369.33 0.173557
3376.75 0.134295
3384.18 0.115141
3391.62 0.192307
3399.08 0.134295
3406.54 0.182692
3414.03 0.192307
3421.52 0.202429
3429.03 0.134295
3436.55 0.115141
3444.09 0.103915
3451.64 0.338093
3459.2 0.374618
3466.78 0.213083
3474.37 0.202429
3481.97 0.173557
3489.59 0.141363
3497.22 0.192307
3504.86 0.134295
3512.52 0.12758
3520.2 0.134295
3527.88 0.12758
3535.58 0.141363
3535.59 9999
3929.59 9999
3930.55 0.236103
3938.98 0.321188
3947.44 0.338093
3955.9 0.415089
3964.38 0.289872
3972.88 0.248529
3981.39 0.275378
3989.92 0.289872
3998.47 0.0804075
4007.03 0.0890942
4015.61 0.103915
4024.2 0.121201
4032.81 0.134295
4041.43 0.148804
4050.07 0.148804
4058.73 0.134295
4067.4 0.121201
4076.09 0.0804075
4084.8 0.0725678
4093.52 0.0622178
4102.25 0.0654924
4111.01 0.0846395
4119.78 0.0937833
4128.56 0.115141
4137.37 0.12758
4146.19 0.173557
4155.02 0.141363
4163.87 0.109384
4172.74 0.0987193
4181.63 0.0987193
4190.53 0.0846395
4199.45 0.0890942
4208.38 0.121201
4217.34 0.109384
4226.3 0.109384
4235.29 0.0890942
4244.29 0.0846395
4253.31 0.0763871
4262.35 0.0937833
4280.47 0.0937833
4289.56 0.0804075
4298.66 0.103915
4307.79 0.141363
4316.92 0.156635
4326.08 0.109384
4335.25 0.103915
4344.44 0.134295
4353.65 0.0890942
4362.88 0.0987193
4372.12 0.148804
4381.38 0.109384
4390.66 0.156635
4399.95 0.115141
4409.27 0.12758
4418.6 0.156635
4427.95 0.164879
4437.31 0.173557
4446.7 0.164879
4456.1 0.173557
4465.52 0.182692
4474.95 0.182692
4484.41 0.182692
4493.88 0.182692
4503.37 0.156635
4512.88 0.148804
4522.41 0.173557
4531.96 0.164879
4541.52 0.141363
4551.1 0.148804
4560.7 0.156635
4570.32 0.148804
4579.96 0.148804
4589.61 0.148804
4599.29 0.141363
4608.98 0.12758
4618.69 0.12758
4628.42 0.12758
4638.17 0.156635
4647.93 0.121201
4657.72 0.134295
4667.52 0.109384
4677.35 0.103915
4687.19 0.103915
4697.05 0.103915
4706.93 0.0987193
4716.83 0.0987193
4726.75 0.109384
4736.68 0.121201
4746.64 0.148804
4756.61 0.134295
4766.61 0.182692
4776.62 0.192307
4786.66 0.164879
4796.71 0.164879
4806.78 0.156635
4816.87 0.156635
4826.98 0.156635
4837.11 0.164879
4847.26 0.148804
4857.43 0.156635
4867.62 0.134295
4877.83 0.148804
4888.06 0.148804
4898.31 0.134295
4908.58 0.141363
4918.87 0.12758
4929.18 0.134295
4939.5 0.156635
4949.85 0.134295
4960.22 0.148804
4970.61 0.121201
4981.02 0.12758
4991.45 0.12758
5001.9 0.141363
5012.37 0.148804
5022.86 0.156635
5033.37 0.148804
5043.9 0.182692
5054.46 0.182692
5065.03 0.121201
5075.62 0.115141
5086.24 0.121201
5096.87 0.115141
5107.53 0.103915
5118.21 0.109384
5128.91 0.121201
5139.62 0.109384
5150.36 0.141363
5161.13 0.164879
5171.91 0.121201
5182.71 0.121201
5193.54 0.12758
5204.38 0.134295
5215.25 0.134295
5226.14 0.213083
5237.05 0.224298
5247.98 0.224298
5258.93 0.236103
5269.91 0.115141
5280.91 0.115141
5291.93 0.115141
5302.97 0.164879
5314.03 0.182692
5325.11 0.148804
5336.22 0.156635
5347.35 0.115141
5358.5 0.12758
5369.67 0.134295
5380.86 0.12758
5392.08 0.12758
5403.32 0.12758
5414.58 0.121201
5425.87 0.12758
5437.17 0.141363
5448.5 0.12758
5459.85 0.148804
5471.23 0.164879
5482.62 0.164879
5494.04 0.141363
5505.49 0.148804
5516.95 0.148804
5528.44 0.141363
5539.95 0.164879
5551.48 0.164879
5563.04 0.182692
5574.62 0.213083
5586.22 0.192307
5597.85 0.192307
5609.5 0.182692
5621.18 0.134295
5632.87 0.134295
5644.59 0.164879
5656.34 0.164879
5668.11 0.192307
5679.9 0.202429
5691.71 0.202429
5703.55 0.202429
5715.41 0.202429
5727.3 0.213083
5739.21 0.156635
5751.15 0.164879
5763.11 0.192307
5775.09 0.156635
5787.1 0.121201
5799.13 0.141363
5811.18 0.134295
5823.26 0.121201
5835.37 0.121201
5847.5 0.182692
5859.65 0.156635
5871.83 0.164879
5884.04 0.12758
5896.26 0.164879
5908.52 0.202429
5920.8 0.192307
5933.1 0.182692
5945.43 0.164879
5957.78 0.192307
5970.16 0.224298
5982.56 0.236103
5994.99 0.202429
6007.45 0.236103
6019.93 0.192307
6032.43 0.173557
6044.96 0.156635
6057.52 0.156635
6070.1 0.148804
6082.71 0.148804
6095.35 0.141363
6108.01 0.164879
6120.69 0.173557
6133.4 0.164879
6146.14 0.164879
6158.91 0.248529
6171.7 0.182692
6184.51 0.173557
6197.36 0.173557
6210.23 0.192307
6223.12 0.202429
6236.05 0.192307
6249 0.192307
6261.97 0.148804
6274.98 0.164879
6288.01 0.148804
6301.06 0.156635
6314.15 0.164879
6327.26 0.156635
6340.4 0.164879
6353.56 0.164879
6366.75 0.148804
6379.97 0.156635
6393.22 0.141363
6406.5 0.141363
6419.8 0.121201
6433.13 0.141363
6446.49 0.12758
6459.88 0.164879
6473.29 0.164879
6486.73 0.141363
6500.2 0.141363
6513.7 0.148804
6527.23 0.156635
6540.78 0.164879
6554.36 0.164879
6567.97 0.173557
6581.61 0.173557
6595.28 0.173557
6608.98 0.192307
6622.7 0.192307
6636.46 0.213083
6650.24 0.224298
6664.05 0.248529
6677.9 0.26161
6691.77 0.236103
6705.67 0.224298
6719.59 0.213083
6733.55 0.213083
6747.54 0.236103
6761.56 0.202429
6775.6 0.202429
6789.68 0.192307
6803.79 0.182692
6817.92 0.173557
6832.09 0.192307
6846.28 0.164879
6860.51 0.141363
6874.76 0.141363
6889.05 0.173557
6903.37 0.182692
6917.71 0.202429
6932.09 0.202429
6946.5 0.236103
6960.94 0.224298
6975.41 0.173557
6989.91 0.192307
7004.44 0.202429
7019 0.213083
7033.59 0.202429
7048.21 0.192307
7062.87 0.182692
7077.55 0.134295
7092.27 0.173557
7107.02 0.192307
7121.8 0.192307
7136.61 0.192307
7151.46 0.202429
7166.33 0.164879
7181.24 0.213083
7196.18 0.164879
7211.15 0.224298
7226.16 0.213083
7241.19 0.202429
7256.26 0.202429
7271.36 0.192307
7286.5 0.248529
7301.66 0.26161
7316.86 0.275378
7332.09 0.26161
7347.36 0.224298
7362.65 0.213083
7377.98 0.224298
7393.35 0.26161
7408.74 0.224298
7424.17 0.224298
7439.64 0.192307
7455.13 0.202429
7470.66 0.213083
7486.23 0.202429
7501.82 0.164879
7517.46 0.156635
7533.12 0.148804
7548.82 0.148804
7564.56 0.148804
7580.32 0.156635
7596.13 0.164879
7611.96 0.173557
7627.83 0.173557
7643.74 0.173557
7659.68 0.164879
7675.66 0.164879
7691.67 0.173557
7707.71 0.173557
7723.79 0.192307
7739.91 0.182692
7756.06 0.202429
7772.25 0.192307
7788.47 0.192307
7804.73 0.202429
7821.02 0.224298
7837.35 0.236103
7853.72 0.202429
7870.12 0.248529
7886.55 0.236103
7903.03 0.224298
7919.54 0.202429
7936.08 0.173557
7952.67 0.148804
7969.28 0.192307
7985.94 0.141363
8002.63 0.156635




