1.176 0.0142578128725
1.187 0.0142578128725
1.199 0.0143554685637
1.211 0.0143554685637
1.223 0.0143554685637
1.235 0.0143554685637
1.248 0.0143554685637
1.26 0.0143554685637
1.273 0.0143554685637
1.286 0.0143554685637
1.299 0.0143554685637
1.312 0.0143554685637
1.325 0.0143554685637
1.338 0.0143554685637
1.351 0.0143554685637
1.365 0.0143554685637
1.378 0.0142578128725
1.392 0.0142578128725
1.406 0.0142578128725
1.42 0.01416015625
1.434 0.01416015625
1.449 0.01416015625
1.463 0.01416015625
1.478 0.0140624996275
1.493 0.0139648439363
1.508 0.0139648439363
1.523 0.0139648439363
1.538 0.0139648439363
1.553 0.0138671873137
1.569 0.0138671873137
1.584 0.0137695316225
1.6 0.0137695316225
1.616 0.0137695316225
1.632 0.0137695316225
1.649 0.0137695316225
1.665 0.013671875
1.682 0.013671875
1.699 0.013671875
1.716 0.013671875
1.733 0.013671875
1.75 0.0135742183775
1.768 0.0135742183775
1.785 0.0135742183775
1.803 0.0135742183775
1.821 0.0135742183775
1.839 0.0135742183775
1.858 0.0135742183775
1.876 0.0135742183775
1.895 0.0135742183775
1.914 0.0135742183775
1.933 0.0135742183775
1.953 0.0134765626863
1.972 0.0134765626863
1.992 0.0134765626863
2.012 0.01318359375
2.032 0.01318359375
2.052 0.01318359375
2.073 0.0130859371275
2.094 0.0129882814363
2.114 0.0129882814363
2.136 0.0129882814363
2.157 0.0129882814363
2.179 0.0129882814363
2.2 0.0129882814363
2.222 0.0128906248137
2.245 0.0128906248137
2.267 0.0127929691225
2.29 0.0126953125
2.313 0.0126953125
2.336 0.0125976558775
2.359 0.0125976558775
2.383 0.0125976558775
2.406 0.0147460941225
2.43 0.0124023435637
2.455 0.0124023435637
2.479 0.0124023435637
2.504 0.0124023435637
2.529 0.0124023435637
2.554 0.0124023435637
2.58 0.01220703125
2.580 999999
4.201 999999
4.201 0.0231445319951
4.243 0.0231445319951
4.286 0.0230468753725
4.328 0.0231445319951
4.372 0.0230468753725
4.415 0.0230468753725
4.46 0.02294921875
4.504 0.02294921875
4.549 0.0228515621275
4.595 0.0228515621275
4.641 0.0227539055049
4.687 0.0227539055049
4.734 0.0226562507451
4.781 0.0226562507451
4.829 0.0226562507451
4.877 0.0225585941225
4.926 0.0226562507451
4.975 0.0226562507451
5.025 0.0226562507451
5.075 0.0226562507451
5.126 0.0225585941225
5.177 0.0225585941225
5.229 0.0225585941225
5.282 0.0225585941225
5.334 0.0224609375
5.388 0.0224609375
5.442 0.0225585941225
5.496 0.0225585941225
5.551 0.0225585941225
5.606 0.0225585941225
5.663 0.0225585941225
5.719 0.0226562507451
5.776 0.0226562507451
5.834 0.0226562507451
5.892 0.0227539055049
5.951 0.0227539055049
6.011 0.0228515621275
6.071 0.0228515621275
6.132 0.0228515621275
6.193 0.02294921875
6.255 0.02294921875
6.318 0.02294921875
6.381 0.0230468753725
6.445 0.0230468753725
6.509 0.0230468753725
6.574 0.0231445319951
6.64 0.0250000003725
6.706 0.0231445319951
6.773 0.0231445319951
6.841 0.0231445319951
6.909 0.0231445319951
6.978 0.0231445319951
7.048 0.0232421867549
7.119 0.0232421867549
7.19 0.0232421867549
7.262 0.0232421867549
7.334 0.0232421867549
7.408 0.0232421867549
7.482 0.0232421867549
7.557 0.0232421867549
7.632 0.0233398433775
7.709 0.0233398433775
7.786 0.0233398433775
7.864 0.0233398433775
