1.176 0.0121399838272
1.187 0.0156066196251
1.199 0.00994862933363
1.211 0.0118866783559
1.223 0.0268331401484
1.235 0.0210389369289
1.248 0.0172334836318
1.26 0.0103479429147
1.273 0.00881600505081
1.286 0.017382279897
1.299 0.0251481866567
1.312 0.014989591897
1.325 0.011654152309
1.338 0.0102845196314
1.351 0.0145926262229
1.365 0.0243936226899
1.378 0.0140907760749
1.392 0.00996815013193
1.406 0.0105419635107
1.42 0.0138693771347
1.434 0.0162552590765
1.449 0.0222383427954
1.463 0.0237418405105
1.478 0.0118376149913
1.493 0.00866661495823
1.508 0.0101866642127
1.523 0.0126580095107
1.538 0.0153496392333
1.553 0.0147359053592
1.569 0.0189162269135
1.584 0.0177890229438
1.6 0.0123274380638
1.616 0.016329537902
1.632 0.0110140265234
1.649 0.0113279978523
1.665 0.0142741602702
1.682 0.0125967282534
1.699 0.0096174019629
1.716 0.014610653316
1.733 0.0215432183185
1.75 0.0253823774591
1.768 0.0220343530971
1.785 0.0121249239366
1.803 0.0096111032133
1.821 0.00621307465091
1.839 0.00793280918978
1.858 0.0256497058809
1.876 0.0288409656165
1.895 0.0203288056179
1.914 0.0142508657559
1.933 0.0112631747088
1.953 0.00862956013106
1.972 0.00803548504209
1.992 0.0165676520937
2.012 0.0242079829344
2.032 0.0161543708199
2.052 0.013645613907
2.073 0.0117709324467
2.094 0.00803489079709
2.114 0.0151887982172
2.136 0.0241570644636
2.157 0.00949582636172
2.179 0.00912081575128
2.2 0.00860191367266
2.222 0.00984378572754
2.245 0.0306061600443
2.267 0.0323509748539
2.29 0.010971794588
2.313 0.00572054928705
2.336 0.00535395849922
2.359 0.00842722713479
2.383 0.0191956030096
2.406 0.0383621520875
2.43 0.0291796686653
2.455 0.00902425051473
2.479 0.00497592751988
2.504 0.00721288847965
2.529 0.0140976163311
2.554 0.0261169658328
2.58 0.0276012905208
2.580 999999
4.201 999999
4.201 0.048632928089
4.243 0.0329651690309
4.286 0.0290782404002
4.328 0.0324449005123
4.372 0.0321680191496
4.415 0.0499616267664
4.46 0.041943175687
4.504 0.0353620839205
4.549 0.0342753561346
4.595 0.0261532442082
4.641 0.0339459027493
4.687 0.0434290938963
4.734 0.0411292927875
4.781 0.0209338956931
4.829 0.0206453360854
4.877 0.0301267759353
4.926 0.0547364939012
4.975 0.0666444259917
5.025 0.0502009642185
5.075 0.0229855273974
5.126 0.0176425816201
5.177 0.0168756527306
5.229 0.0277092045559
5.282 0.050459588281
5.334 0.0670620518177
5.388 0.047201877268
5.442 0.0262905761836
5.496 0.0183674659349
5.551 0.0155400184078
5.606 0.0192280186739
5.663 0.0320846044099
5.719 0.0869604684843
5.776 0.0684194413592
5.834 0.0302671848423
5.892 0.0232542451379
5.951 0.0184269420956
6.011 0.0165445139197
6.071 0.020086811765
6.132 0.0531630579489
6.193 0.0621972273297
6.255 0.0290224381984
6.318 0.021043672526
6.381 0.0271960828576
6.445 0.0260190991888
6.509 0.0348207496865
6.574 0.0306056470964
6.64 0.021788502241
6.706 0.0311764264612
6.773 0.043215661038
6.841 0.0378189487781
6.909 0.0359015463941
6.978 0.02113338674
7.048 0.0185752611304
7.119 0.0273860417233
7.19 0.0395307699318
7.262 0.0430431329563
7.334 0.0285715290296
7.408 0.0213050385992
7.482 0.0166276511885
7.557 0.0295378687172
7.632 0.053257755807
7.709 0.0491646683509
7.786 0.0226254937404
7.864 0.0155991873684
