1.176 0.0120798879325
1.187 0.015515453224
1.199 0.00990416393543
1.211 0.0118286369672
1.223 0.0266170678472
1.235 0.020884255535
1.248 0.0171207516042
1.26 0.0102993653028
1.273 0.00877653425614
1.286 0.0172688122728
1.299 0.0249423756823
1.312 0.0148590431283
1.325 0.0115950708636
1.338 0.0102387770914
1.351 0.0145589637658
1.365 0.0242200886328
1.378 0.0140103851522
1.392 0.00991751558212
1.406 0.0104863479352
1.42 0.013790339897
1.434 0.0161648059084
1.449 0.022095231128
1.463 0.0235565085497
1.478 0.0117759129105
1.493 0.00862558739916
1.508 0.0101384654817
1.523 0.0125941878386
1.538 0.0152549084295
1.553 0.0146460705602
1.569 0.018788472645
1.584 0.0176779457112
1.6 0.0122666181309
1.616 0.0162202896658
1.632 0.0109576213556
1.649 0.0112718428457
1.665 0.0141968266358
1.682 0.0125295471321
1.699 0.00957153795991
1.716 0.0145229382179
1.733 0.0213862177795
1.75 0.0251933013421
1.768 0.021864469276
1.785 0.0120578232461
1.803 0.0095637623576
1.821 0.0061862207975
1.839 0.00790231920198
1.858 0.025447365086
1.876 0.0285648234667
1.895 0.0201686380979
1.914 0.0141722399287
1.933 0.0112110449083
1.953 0.00859052484209
1.972 0.0079975021833
1.992 0.0164498882352
2.012 0.0240845972227
2.032 0.0160977911987
2.052 0.0135982989706
2.073 0.011735383065
2.094 0.00801395126635
2.114 0.0151311439945
2.136 0.0240540117513
2.157 0.00946845904025
2.179 0.00909115049224
2.2 0.0085793337994
2.222 0.00982091598137
2.245 0.0304411238668
2.267 0.0321364468976
2.29 0.010929019214
2.313 0.00570659568032
2.336 0.00534120376281
2.359 0.00840894258011
2.383 0.0191182221997
2.406 0.038070659103
2.43 0.0289918103212
2.455 0.00900131035696
2.479 0.00496390941831
2.504 0.00719459944797
2.529 0.0140496321741
2.554 0.0259779454072
2.58 0.0274895983678
2.580 999999
4.201 999999
4.201 0.0335789145702
4.243 0.0350234350146
4.286 0.0179944798847
4.328 0.0139962083835
4.372 0.0171160691634
4.415 0.0292472222773
4.46 0.0385092511867
4.504 0.0424362766746
4.549 0.0280607782434
4.595 0.012504271723
4.641 0.0129885845506
4.687 0.0278425150922
4.734 0.0439208533419
4.781 0.0237602253109
4.829 0.0147940277786
4.877 0.015809975573
4.926 0.0234037897662
4.975 0.0310027892954
5.025 0.0436662482464
5.075 0.0283851818784
5.126 0.0164889430731
5.177 0.011063349449
5.229 0.0175893019047
5.282 0.028115357337
5.334 0.04936962416
5.388 0.0399000959491
5.442 0.0215049662413
5.496 0.0133758094361
5.551 0.0106540278098
5.606 0.0139858720011
5.663 0.0318977833439
5.719 0.0560839616533
5.776 0.0443998153544
5.834 0.0225923261823
5.892 0.0179451315964
5.951 0.0162606218535
6.011 0.0150980305138
6.071 0.0149495389615
6.132 0.0361128887414
6.193 0.0398871517489
6.255 0.0258793674572
6.318 0.0216941177939
6.381 0.0226004022882
6.445 0.0146271716612
6.509 0.0198989659067
6.574 0.0226467952747
6.64 0.0329872484426
6.706 0.0366558536063
6.773 0.0280241740361
6.841 0.0178802589759
6.909 0.0237357035804
6.978 0.0169452364153
7.048 0.0191216017923
7.119 0.0266772402684
7.19 0.0257469093347
7.262 0.0287200130689
7.334 0.0247711501823
7.408 0.0161462999804
7.482 0.0165298375109
7.557 0.0401940823925
7.632 0.0382082538199
7.709 0.0246387779354
7.786 0.0123550469438
7.864 0.0127619529846
