1.176 0.0143554685637
1.187 0.0143554685637
1.199 0.0143554685637
1.211 0.0143554685637
1.223 0.0143554685637
1.235 0.0144531251863
1.248 0.0144531251863
1.26 0.0144531251863
1.273 0.0144531251863
1.286 0.0144531251863
1.299 0.0144531251863
1.312 0.0144531251863
1.325 0.0144531251863
1.338 0.0144531251863
1.351 0.0143554685637
1.365 0.0143554685637
1.378 0.0143554685637
1.392 0.0143554685637
1.406 0.0143554685637
1.42 0.0142578128725
1.434 0.0142578128725
1.449 0.01416015625
1.463 0.01416015625
1.478 0.01416015625
1.493 0.01416015625
1.508 0.0140624996275
1.523 0.0139648439363
1.538 0.0139648439363
1.553 0.0139648439363
1.569 0.0139648439363
1.584 0.0139648439363
1.6 0.0138671873137
1.616 0.0138671873137
1.632 0.0137695316225
1.649 0.0137695316225
1.665 0.0137695316225
1.682 0.0137695316225
1.699 0.0137695316225
1.716 0.0137695316225
1.733 0.0137695316225
1.75 0.0137695316225
1.768 0.013671875
1.785 0.013671875
1.803 0.013671875
1.821 0.013671875
1.839 0.013671875
1.858 0.0135742183775
1.876 0.0135742183775
1.895 0.0135742183775
1.914 0.0135742183775
1.933 0.0135742183775
1.953 0.0135742183775
1.972 0.0135742183775
1.992 0.0135742183775
2.012 0.0132812503725
2.032 0.01318359375
2.052 0.01318359375
2.073 0.01318359375
2.094 0.0130859371275
2.114 0.0130859371275
2.136 0.0130859371275
2.157 0.0130859371275
2.179 0.0129882814363
2.2 0.0129882814363
2.222 0.0129882814363
2.245 0.0129882814363
2.267 0.0127929691225
2.29 0.0127929691225
2.313 0.0127929691225
2.336 0.0126953125
2.359 0.0125976558775
2.383 0.0125976558775
2.406 0.0147460941225
2.43 0.0124023435637
2.455 0.0124023435637
2.479 0.0124023435637
2.504 0.0124023435637
2.529 0.0124023435637
2.554 0.0124023435637
2.58 0.0123046878725
2.580   999999
4.201   999999
4.201 0.0355468764901
4.243 0.0353515632451
4.286 0.03515625
4.328 0.03515625
4.372 0.0349609367549
4.415 0.0347656235099
4.46 0.0344726555049
4.504 0.0341796875
4.549 0.0337890610099
4.595 0.0335937514901
4.641 0.033203125
4.687 0.0331054702401
4.734 0.0328124985099
4.781 0.0325195305049
4.829 0.0324218757451
4.877 0.0321289077401
4.926 0.0320312492549
4.975 0.0319335944951
5.025 0.0318359360099
5.075 0.0316406264901
5.126 0.0316406264901
5.177 0.0314453132451
5.229 0.03125
5.282 0.0310546867549
5.334 0.0309570319951
5.388 0.0308593753725
5.442 0.03076171875
5.496 0.0306640621275
5.551 0.0306640621275
5.606 0.0304687507451
5.663 0.0304687507451
5.719 0.0503906235099
5.776 0.0302734375
5.834 0.0302734375
5.892 0.0299804694951
5.951 0.0299804694951
6.011 0.0298828128725
6.071 0.0298828128725
6.132 0.0298828128725
6.193 0.02978515625
6.255 0.0295898430049
6.318 0.0295898430049
6.381 0.0294921882451
6.445 0.0294921882451
6.509 0.029296875
6.574 0.029296875
6.64 0.0291992183775
6.706 0.0291992183775
6.773 0.0291015617549
6.841 0.0289062503725
6.909 0.0289062503725
6.978 0.02880859375
7.048 0.0287109371275
7.119 0.0287109371275
7.19 0.0287109371275
7.262 0.0285156257451
7.334 0.0285156257451
7.408 0.0283203125
7.482 0.0283203125
7.557 0.0283203125
7.632 0.0283203125
7.709 0.0282226558775
7.786 0.0282226558775
7.864 0.0281249992549
