1.176 0.00234600925219
1.187 0.0018360108275
1.199 0.00145430917459
1.211 0.00118003121863
1.223 0.000971788390416
1.235 0.000816297692904
1.248 0.000682610852603
1.26 0.000587853386738
1.273 0.000503028388287
1.286 0.000434603597525
1.299 0.000378666476111
1.312 0.000332402556046
1.325 0.000293744446149
1.338 0.000261145648345
1.351 0.000233430682235
1.365 0.000208884754165
1.378 0.000188559222692
1.392 0.000169659348357
1.406 0.000152687538847
1.42 0.000138553455657
1.434 0.000126202003362
1.449 0.000114630604466
1.463 0.000104700930088
1.478 9.57647112639e-05
1.493 8.75046867675e-05
1.508 8.56585833537e-05
1.523 8.03245802452e-05
1.538 6.9966376457e-05
1.553 6.32928903776e-05
1.569 6.53438267171e-05
1.584 0.000121365153224
1.6 5.51353959563e-05
1.616 5.01813711758e-05
1.632 5.34942458274e-05
1.649 5.07535528696e-05
1.665 4.2318121162e-05
1.682 3.49741061342e-05
1.699 3.52740088928e-05
1.716 6.16615632316e-05
1.733 3.55764158345e-05
1.75 3.01599993381e-05
1.768 2.64573265667e-05
1.785 2.9134002792e-05
1.803 3.24142559928e-05
1.821 2.8644050004e-05
1.839 2.27569171644e-05
1.858 2.0237719858e-05
1.876 1.9316881071e-05
1.895 1.83346408971e-05
1.914 1.75017681558e-05
1.933 1.66591459221e-05
1.953 1.58388820833e-05
1.972 1.51811272492e-05
1.992 1.44731705014e-05
2.012 1.36416452957e-05
2.032 1.29836746252e-05
2.052 1.23724674525e-05
2.073 1.18810225664e-05
2.094 1.13257294469e-05
2.114 1.09247160135e-05
2.136 1.04634046556e-05
2.157 1.00530434095e-05
2.179 9.61045155652e-06
2.2 9.29411363729e-06
2.222 8.90514290502e-06
2.245 8.60133556364e-06
2.267 8.22420503521e-06
2.29 7.893181331e-06
2.313 7.64998181458e-06
2.336 7.35815151736e-06
2.359 7.11568479475e-06
2.383 6.87867117683e-06
2.406 6.63672912942e-06
2.43 6.40103096739e-06
2.455 6.19934681865e-06
2.479 6.01786564297e-06
2.504 5.86615676533e-06
2.529 5.67421907826e-06
2.554 5.54201254158e-06
2.58 5.3881397381e-06
2.60 9999
4.18 9999
4.201 2.33452515073e-06
4.243 2.32953474022e-06
4.286 2.32294001863e-06
4.328 2.31550108897e-06
4.372 2.30591998999e-06
4.415 2.28545449944e-06
4.46 2.26306063349e-06
4.504 2.25028628239e-06
4.549 2.21643047289e-06
4.595 2.20054336391e-06
4.641 2.16385513392e-06
4.687 2.14473112764e-06
4.734 2.11371989742e-06
4.781 2.08105640154e-06
4.829 2.06417516464e-06
4.877 2.02762413931e-06
4.926 1.99795702137e-06
4.975 1.96730598141e-06
5.025 1.94365575682e-06
5.075 1.91110301969e-06
5.126 1.87717664934e-06
5.177 1.84256936529e-06
5.229 1.79874716637e-06
5.282 1.76109966052e-06
5.334 1.72355770685e-06
5.388 1.68359052675e-06
5.442 1.64301941504e-06
5.496 1.60196918369e-06
5.551 1.56616672497e-06
5.606 1.5237380025e-06
5.663 1.47990163907e-06
5.719 1.4375470608e-06
5.776 1.39511882053e-06
5.834 1.35277010027e-06
5.892 1.30612642248e-06
5.951 1.27019294283e-06
6.011 1.23405786203e-06
6.071 1.19377385439e-06
6.132 1.15834255548e-06
6.193 1.11936539095e-06
6.255 1.07674598929e-06
6.318 1.04322205783e-06
6.381 1.00690775606e-06
6.445 9.71424399073e-07
6.509 9.37429960068e-07
6.574 9.0789335947e-07
6.64 8.7606686356e-07
6.706 8.52661964098e-07
6.773 8.24303498921e-07
6.841 7.97768717135e-07
6.909 7.76411620425e-07
6.978 7.59587836991e-07
7.048 7.41761045304e-07
7.119 7.28423207546e-07
7.19 7.1704789853e-07
7.262 7.04830493474e-07
7.334 6.9940842299e-07
7.408 6.92909807891e-07
7.482 6.90532030133e-07
7.557 6.9196043495e-07
7.632 9.52132371755e-07
7.709 6.98360006037e-07
7.786 7.00539127394e-07
7.864 7.07610784822e-07
