1.176 0.00274833036958
1.187 0.00125746320304
1.199 0.00107258985116
1.211 0.00161997362256
1.223 0.00153322975054
1.235 0.00113484823488
1.248 0.000875386743707
1.26 0.000636025517376
1.273 0.000701108630813
1.286 0.000595409903744
1.299 0.000240198700509
1.312 0.000211776930208
1.325 0.000187601331483
1.338 0.000166060171216
1.351 0.000201197743207
1.365 0.000195946063914
1.378 0.000120210295451
1.392 0.000260149480236
1.406 0.000390695954363
1.42 0.000370346150654
1.434 0.000239067921845
1.449 0.000175039024531
1.463 0.000139879512774
1.478 0.000111144437811
1.493 4.58198089506e-05
1.508 4.36929370616e-05
1.523 5.34367063873e-05
1.538 4.92292784785e-05
1.553 7.06963287101e-05
1.569 0.00010807394004
1.584 0.000199890435456
1.6 9.76076546919e-05
1.616 5.32044347057e-05
1.632 3.2147424699e-05
1.649 2.81436349824e-05
1.665 2.67013007118e-05
1.682 2.22715734452e-05
1.699 2.39496310389e-05
1.716 6.64201202647e-05
1.733 7.40593040531e-05
1.75 4.65978117619e-05
1.768 2.58395221603e-05
1.785 1.93196246061e-05
1.803 2.34456252312e-05
1.821 3.20049486409e-05
1.839 3.63353679387e-05
1.858 5.47853951592e-05
1.876 5.05604087274e-05
1.895 2.16662715045e-05
1.914 1.1108662449e-05
1.933 1.7288377097e-05
1.953 2.54754094601e-05
1.972 1.500051569e-05
1.992 1.22910758297e-05
2.012 2.79264253265e-05
2.032 2.23427026085e-05
2.052 1.31350395736e-05
2.073 8.18734901681e-06
2.094 5.44494295561e-06
2.114 7.61524952651e-06
2.136 1.32006313182e-05
2.157 1.70226021941e-05
2.179 1.84084869503e-05
2.2 8.934050876e-06
2.222 7.02965891349e-06
2.245 6.5052126525e-06
2.267 8.21025894212e-06
2.29 9.85427384869e-06
2.313 1.21685430096e-05
2.336 6.5933408212e-06
2.359 5.86458275607e-06
2.383 6.90355596079e-06
2.406 8.81256399233e-06
2.43 1.01857876465e-05
2.455 7.93540055262e-06
2.479 4.35162344724e-06
2.504 4.53181835451e-06
2.529 9.83884010181e-06
2.554 1.26060577117e-05
2.58 1.17423985888e-05
2.60 9999
4.18 9999
4.201 2.23025212066e-06
4.243 1.3220433166e-06
4.286 1.60890177299e-06
4.328 2.55563422556e-06
4.372 3.16325992131e-06
4.415 3.38314012221e-06
4.46 2.69219889129e-06
4.504 2.17851876493e-06
4.549 1.70499481497e-06
4.595 1.61274601996e-06
4.641 1.69906905709e-06
4.687 2.82111689847e-06
4.734 3.7071225631e-06
4.781 2.90149283911e-06
4.829 1.45451918428e-06
4.877 1.46671135179e-06
4.926 1.85464213193e-06
4.975 1.98782265347e-06
5.025 2.31766099441e-06
5.075 2.11182428662e-06
5.126 1.98363861441e-06
5.177 1.68673001792e-06
5.229 1.56755921577e-06
5.282 1.80053050954e-06
5.334 2.81567480002e-06
5.388 3.11274292472e-06
5.442 1.63319177823e-06
5.496 9.71051752803e-07
5.551 9.60918261241e-07
5.606 1.11311939348e-06
5.663 1.31494930835e-06
5.719 1.87059931933e-06
5.776 1.89648317088e-06
5.834 1.7967941262e-06
5.892 2.80112844722e-06
5.951 1.03125183865e-06
6.011 5.35959499582e-07
6.071 6.43690467527e-07
6.132 1.52590331534e-06
6.193 2.41556731146e-06
6.255 2.35318295258e-06
6.318 1.27421593596e-06
6.381 7.72015910786e-07
6.445 7.38834430745e-07
6.509 8.51786425936e-07
6.574 7.90691307683e-07
6.64 1.15213459268e-06
6.706 1.52102683293e-06
6.773 9.91248215428e-07
6.841 4.4966094444e-07
6.909 1.04219617367e-06
6.978 1.01973487678e-06
7.048 6.82719453859e-07
7.119 7.25453929095e-07
7.19 1.10026936866e-06
7.262 4.77817017037e-07
7.334 8.52261409928e-07
7.408 1.17420101682e-06
7.482 6.89451246593e-07
7.557 9.64394107111e-07
7.632 1.94110743089e-06
7.709 1.27528362628e-06
7.786 7.38301898715e-07
7.864 4.49670585123e-07
