1.176 1.20801901453e-07
1.187 7.14724268974e-08
1.199 7.82933696344e-08
1.211 1.48218851892e-07
1.223 1.72480904246e-07
1.235 1.54513994127e-07
1.248 1.44410167582e-07
1.26 1.23816450111e-07
1.273 1.61541190025e-07
1.286 1.60783766044e-07
1.299 7.53660022519e-08
1.312 7.66184770238e-08
1.325 7.77249868115e-08
1.338 7.83019360729e-08
1.351 1.0736764673e-07
1.365 1.18790301524e-07
1.378 8.16420332271e-08
1.392 1.98716476799e-07
1.406 3.34117587238e-07
1.42 3.5308834311e-07
1.434 2.53113312776e-07
1.449 2.06516159604e-07
1.463 1.81950222055e-07
1.478 1.59951670936e-07
1.493 7.27125010088e-08
1.508 7.62209314269e-08
1.523 1.02176044258e-07
1.538 1.02894702432e-07
1.553 1.61104564534e-07
1.569 2.69347120722e-07
1.584 5.40507651019e-07
1.6 2.8723130479e-07
1.616 1.69986451899e-07
1.632 1.11266409631e-07
1.649 1.05807257271e-07
1.665 1.08285933946e-07
1.682 9.76880640068e-08
1.699 1.13382820453e-07
1.716 3.38730565605e-07
1.733 4.0609388624e-07
1.75 2.74235940605e-07
1.768 1.63586231359e-07
1.785 1.3081688758e-07
1.803 1.7017489921e-07
1.821 2.48585015735e-07
1.839 3.01505099626e-07
1.858 4.86611771581e-07
1.876 4.78234128622e-07
1.895 2.18647895752e-07
1.914 1.19415459216e-07
1.933 1.97661003644e-07
1.953 3.10289111943e-07
1.972 1.93738292584e-07
1.992 1.68597683842e-07
2.012 4.06240414278e-07
2.032 3.44179028405e-07
2.052 2.13971502186e-07
2.073 1.41230055519e-07
2.094 9.93141897774e-08
2.114 1.46291569738e-07
2.136 2.68092298978e-07
2.157 3.64074486118e-07
2.179 4.15084862933e-07
2.2 2.11608021671e-07
2.222 1.75083702347e-07
2.245 1.70531710818e-07
2.267 2.25746804521e-07
2.29 2.84446986287e-07
2.313 3.68283259727e-07
2.336 2.08971988852e-07
2.359 1.94423401447e-07
2.383 2.39572164085e-07
2.406 3.19156571832e-07
2.43 3.85256252409e-07
2.455 3.1365306988e-07
2.479 1.79232957617e-07
2.504 1.9462324887e-07
2.529 4.40109609352e-07
2.554 5.86766309069e-07
2.58 5.69097074518e-07
2.60 9999
4.18 9999
4.201 4.46915685577e-07
4.243 2.69777271475e-07
4.286 3.34593937789e-07
4.328 5.41610732431e-07
4.372 6.84057407469e-07
4.415 7.46486934168e-07
4.46 6.06924402119e-07
4.504 5.01717068097e-07
4.549 4.01471629363e-07
4.595 3.88665953541e-07
4.641 4.19370099273e-07
4.687 7.13710986033e-07
4.734 9.62626667426e-07
4.781 7.73998112864e-07
4.829 3.99168751771e-07
4.877 4.14419178239e-07
4.926 5.40218750677e-07
4.975 5.9719944883e-07
5.025 7.18828344223e-07
5.075 6.76336246778e-07
5.126 6.56621607766e-07
5.177 5.77324685093e-07
5.229 5.55402435016e-07
5.282 6.61159271471e-07
5.334 1.07137187296e-06
5.388 1.22963569579e-06
5.442 6.70141813431e-07
5.496 4.14067239448e-07
5.551 4.26286411944e-07
5.606 5.13878167128e-07
5.663 6.32730798161e-07
5.719 9.37515278939e-07
5.776 9.90676331046e-07
5.834 9.78926298068e-07
5.892 1.59157269424e-06
5.951 6.11519317933e-07
6.011 3.31957244887e-07
6.071 4.16490623956e-07
6.132 1.03230891052e-06
6.193 1.70883427575e-06
6.255 1.7421494517e-06
6.318 9.88021689363e-07
6.381 6.26998133322e-07
6.445 6.28993010381e-07
6.509 7.60174029097e-07
6.574 7.4021669072e-07
6.64 1.1315850358e-06
6.706 1.56553978427e-06
6.773 1.06817914563e-06
6.841 5.06558889334e-07
6.909 1.22410572019e-06
6.978 1.24555498107e-06
7.048 8.64461477519e-07
7.119 9.4870888359e-07
7.19 1.47934797682e-06
7.262 6.57531163012e-07
7.334 1.19412625297e-06
7.408 1.66648035928e-06
7.482 9.85277223491e-07
7.557 1.37935625496e-06
7.632 2.76343215665e-06
7.709 1.79848812498e-06
7.786 1.02762456193e-06
7.864 6.15910092955e-07
