1.176 8.80756722129e-06
1.187 8.67858917637e-06
1.199 8.5796997267e-06
1.211 8.48493210536e-06
1.223 8.35864423838e-06
1.235 8.27197935143e-06
1.248 8.14478036639e-06
1.26 8.06567322362e-06
1.273 7.94729134347e-06
1.286 7.83338702696e-06
1.299 7.72372019695e-06
1.312 7.61806740607e-06
1.325 7.51622043468e-06
1.338 7.41798502858e-06
1.351 7.32317976046e-06
1.365 7.25507962433e-06
1.378 7.16649829003e-06
1.392 7.07440289622e-06
1.406 6.95633188315e-06
1.42 6.87093859314e-06
1.434 6.78847180602e-06
1.449 6.70320155152e-06
1.463 6.59851558152e-06
1.478 6.51930929322e-06
1.493 6.41565643874e-06
1.508 6.74520605463e-06
1.523 6.77589746275e-06
1.538 6.3074261711e-06
1.553 6.08382582404e-06
1.569 6.70999562451e-06
1.584 1.32316282319e-05
1.6 6.39410332367e-06
1.616 6.1778812119e-06
1.632 6.9778070085e-06
1.649 7.02587240776e-06
1.665 6.18435787492e-06
1.682 5.40439063346e-06
1.699 5.75348258159e-06
1.716 1.05986085567e-05
1.733 6.43387811524e-06
1.75 5.73019113356e-06
1.768 5.28807425108e-06
1.785 6.10008478846e-06
1.803 7.11918918569e-06
1.821 6.59000739313e-06
1.839 5.47705514348e-06
1.858 5.10116696177e-06
1.876 5.08069065988e-06
1.895 5.03752445145e-06
1.914 5.01705969033e-06
1.933 4.97655430128e-06
1.953 4.93537046123e-06
1.972 4.91833080427e-06
1.992 4.87974110428e-06
2.012 4.7812024163e-06
2.032 4.72544025184e-06
2.052 4.67121913031e-06
2.073 4.65685887123e-06
2.094 4.60380953e-06
2.114 4.5931930664e-06
2.136 4.56096272392e-06
2.157 4.53141162524e-06
2.179 4.48237253697e-06
2.2 4.47447977164e-06
2.222 4.42806691123e-06
2.245 4.41984956867e-06
2.267 4.35719378923e-06
2.29 4.31380125312e-06
2.313 4.30912843001e-06
2.336 4.26832922298e-06
2.359 4.24734764653e-06
2.383 4.22667557551e-06
2.406 4.18972377827e-06
2.43 4.15330933894e-06
2.455 4.13570122264e-06
2.479 4.11999897809e-06
2.504 4.12288540043e-06
2.529 4.09102317894e-06
2.554 4.09632335072e-06
2.58 4.08454188596e-06
2.60 9999
4.18 9999
4.201 5.73868948581e-06
4.243 5.81793491806e-06
4.286 5.89096205999e-06
4.328 5.95508013214e-06
4.372 6.01228854365e-06
4.415 6.03325673542e-06
4.46 6.04565400312e-06
4.504 6.07535543929e-06
4.549 6.04258139641e-06
4.595 6.05401904983e-06
4.641 6.00346051243e-06
4.687 5.9981033021e-06
4.734 5.958313512e-06
4.781 5.91248928952e-06
4.829 5.9125363275e-06
4.877 5.85721783687e-06
4.926 5.82449373844e-06
4.975 5.79159949137e-06
5.025 5.78425940481e-06
5.075 5.75473209376e-06
5.126 5.7267834478e-06
5.177 5.70117435206e-06
5.229 5.6527053615e-06
5.282 5.62926874681e-06
5.334 5.60816471528e-06
5.388 5.58652043965e-06
5.442 5.56573716276e-06
5.496 5.54546057983e-06
5.551 5.54748673255e-06
5.606 5.52711364406e-06
5.663 5.50623250858e-06
5.719 5.48740142872e-06
5.776 5.4692291485e-06
5.834 5.45171539361e-06
5.892 5.41350640099e-06
5.951 5.41904066756e-06
6.011 5.4237987964e-06
6.071 5.40662713048e-06
6.132 5.41004484448e-06
6.193 5.39247619889e-06
6.255 5.35411591358e-06
6.318 5.35811983577e-06
6.381 5.34275122792e-06
6.445 5.3287904993e-06
6.509 5.31724590813e-06
6.574 5.32726523935e-06
6.64 5.31479265914e-06
6.706 5.33706725568e-06
6.773 5.30995868504e-06
6.841 5.27069078317e-06
6.909 5.23718909536e-06
6.978 5.20581279987e-06
7.048 5.13679028857e-06
7.119 5.0664714052e-06
7.19 4.97717990861e-06
7.262 4.85025104084e-06
7.334 4.7404047901e-06
7.408 4.59317496024e-06
7.482 4.44829723728e-06
7.557 4.30385181728e-06
7.632 5.68873325576e-06
7.709 3.98738181319e-06
7.786 3.81062805555e-06
7.864 3.65685979525e-06
