1.176 8.64291902485e-06
1.187 4.97263434219e-06
1.199 5.2881020478e-06
1.211 9.72693001697e-06
1.223 1.1006962364e-05
1.235 9.59603183182e-06
1.248 8.71581828368e-06
1.26 7.28385374201e-06
1.273 9.2503073628e-06
1.286 8.96912216608e-06
1.299 4.09872963005e-06
1.312 4.06528832401e-06
1.325 4.02631478088e-06
1.338 3.96279410094e-06
1.351 5.31208351829e-06
1.365 5.73955424592e-06
1.378 3.86116246604e-06
1.392 9.18974144137e-06
1.406 1.51182998926e-05
1.42 1.56414168412e-05
1.434 1.09834201408e-05
1.449 8.77035399438e-06
1.463 7.57704424138e-06
1.478 6.52575886738e-06
1.493 2.90774388131e-06
1.508 2.98895159396e-06
1.523 3.9307165065e-06
1.538 3.88478016805e-06
1.553 5.97169547481e-06
1.569 9.79401961312e-06
1.584 1.93102251492e-05
1.6 1.00740240288e-05
1.616 5.85502470847e-06
1.632 3.76505997996e-06
1.649 3.51472772641e-06
1.665 3.53613946477e-06
1.682 3.13370227289e-06
1.699 3.5740496345e-06
1.716 1.04953225984e-05
1.733 1.23714665606e-05
1.75 8.21660853447e-06
1.768 4.81713715388e-06
1.785 3.79063649394e-06
1.803 4.84902351581e-06
1.821 6.96720642555e-06
1.839 8.31406490735e-06
1.858 1.31934618816e-05
1.876 1.27633727582e-05
1.895 5.74043842807e-06
1.914 3.08489944849e-06
1.933 5.02554495471e-06
1.953 7.75978460596e-06
1.972 4.77058352509e-06
1.992 4.08525377287e-06
2.012 9.68839132425e-06
2.032 8.08050903937e-06
2.052 4.94624790677e-06
2.073 3.2126020832e-06
2.094 2.22345820757e-06
2.114 3.22642923183e-06
2.136 5.81691849166e-06
2.157 7.77845329096e-06
2.179 8.72729670708e-06
2.2 4.38216848309e-06
2.222 3.56910888972e-06
2.245 3.41997623478e-06
2.267 4.45762279942e-06
2.29 5.52701186033e-06
2.313 7.04247700417e-06
2.336 3.9330477515e-06
2.359 3.60186142528e-06
2.383 4.36608469205e-06
2.406 5.72620426741e-06
2.43 6.80072700194e-06
2.455 5.44418332095e-06
2.479 3.06122362783e-06
2.504 3.26884083018e-06
2.529 7.2694269008e-06
2.554 9.53167295541e-06
2.58 9.08654712401e-06
2.60 9999
4.18 9999
4.201 3.27011728974e-06
4.243 1.94179779695e-06
4.286 2.36737783333e-06
4.328 3.76720007464e-06
4.372 4.67197623975e-06
4.415 5.0065674892e-06
4.46 3.99253400864e-06
4.504 3.23761296739e-06
4.549 2.5395837665e-06
4.595 2.40827925248e-06
4.641 2.54465575982e-06
4.687 4.23985751559e-06
4.734 5.59507114487e-06
4.781 4.40115824081e-06
4.829 2.21958384278e-06
4.877 2.25380838465e-06
4.926 2.873166925e-06
4.975 3.10790040536e-06
5.025 3.66173656287e-06
5.075 3.37548429638e-06
5.126 3.21225500353e-06
5.177 2.77079732545e-06
5.229 2.6162312256e-06
5.282 3.05809283463e-06
5.334 4.87115076288e-06
5.388 5.49594832155e-06
5.442 2.94649738372e-06
5.496 1.79208433142e-06
5.551 1.81666317707e-06
5.606 2.15771136104e-06
5.663 2.61803646737e-06
5.719 3.8261250409e-06
5.776 3.98936322358e-06
5.834 3.89097717374e-06
5.892 6.24699589983e-06
5.951 2.37046408628e-06
6.011 1.27071172614e-06
6.071 1.57432646403e-06
6.132 3.85215635541e-06
6.193 6.29458137395e-06
6.255 6.33280478788e-06
6.318 3.54312268714e-06
6.381 2.21793664507e-06
6.445 2.19405831067e-06
6.509 2.6144718935e-06
6.574 2.5091638687e-06
6.64 3.7784565285e-06
6.706 5.14696552753e-06
6.773 3.45513722506e-06
6.841 1.61085622886e-06
6.909 3.82529135453e-06
6.978 3.82290929867e-06
7.048 2.60507833997e-06
7.119 2.80658230194e-06
7.19 4.29711960997e-06
7.262 1.87559981681e-06
7.334 3.34691376551e-06
7.408 4.59111455897e-06
7.482 2.67102216877e-06
7.557 3.68372782312e-06
7.632 7.28012389961e-06
7.709 4.6779645829e-06
7.786 2.64177015857e-06
7.864 1.5659298775e-06
