1.176 1.0576207071e-07
1.187 1.07478025932e-07
1.199 1.09318977978e-07
1.211 1.10711406579e-07
1.223 1.12564057429e-07
1.235 1.13955817637e-07
1.248 1.15934436262e-07
1.26 1.17323688856e-07
1.273 1.18823772332e-07
1.286 1.20318479817e-07
1.299 1.22306862304e-07
1.312 1.2379649882e-07
1.325 1.252805196e-07
1.338 1.26759043546e-07
1.351 1.28232293507e-07
1.365 1.29813355037e-07
1.378 1.31276840836e-07
1.392 1.32848575216e-07
1.406 1.34416678157e-07
1.42 1.35982195307e-07
1.434 1.37546350531e-07
1.449 1.38654067632e-07
1.463 1.402137092e-07
1.478 1.41888765774e-07
1.493 1.42982001886e-07
1.508 1.54191321163e-07
1.523 1.5840665488e-07
1.538 1.49893499671e-07
1.553 1.4854810368e-07
1.569 1.68468677822e-07
1.584 3.47106851449e-07
1.6 1.67357810343e-07
1.616 1.66146221335e-07
1.632 1.92347194719e-07
1.649 1.98760689714e-07
1.665 1.78323129604e-07
1.682 1.57476871709e-07
1.699 1.72492698764e-07
1.716 3.47857060364e-07
1.733 2.01416606779e-07
1.75 1.8319936855e-07
1.768 1.72551254859e-07
1.785 2.03117015186e-07
1.803 2.45629613659e-07
1.821 2.3221884922e-07
1.839 1.9490021774e-07
1.858 1.8513161562e-07
1.876 1.88154458191e-07
1.895 1.90537756239e-07
1.914 1.93720222486e-07
1.933 1.96116327328e-07
1.953 1.98638825631e-07
1.972 2.01862086791e-07
1.992 2.04393388662e-07
2.012 2.03530698305e-07
2.032 2.06016335382e-07
2.052 2.0849906542e-07
2.073 2.11102307885e-07
2.094 2.1192056175e-07
2.114 2.16172603455e-07
2.136 2.18886004279e-07
2.157 2.21471163812e-07
2.179 2.23240245189e-07
2.2 2.26749855417e-07
2.222 2.29443418334e-07
2.245 2.32254895581e-07
2.267 2.3298268296e-07
2.29 2.34773629326e-07
2.313 2.38544141969e-07
2.336 2.40309976376e-07
2.359 2.43079673064e-07
2.383 2.44935779098e-07
2.406 2.47703495675e-07
2.43 2.49538773416e-07
2.455 2.52557140845e-07
2.479 2.55471277863e-07
2.504 2.59628535503e-07
2.529 2.61611046393e-07
2.554 2.6584586993e-07
2.58 2.67979006356e-07
2.60 9999
4.18 9999
4.201 4.84668774199e-07
4.243 4.92420362173e-07
4.286 5.0034149509e-07
4.328 5.08167567962e-07
4.372 5.1630854094e-07
4.415 5.22134281324e-07
4.46 5.30497160814e-07
4.504 5.36509397913e-07
4.549 5.40372593326e-07
4.595 5.49012764332e-07
4.641 5.52996035417e-07
4.687 5.61715159769e-07
4.734 5.70629891621e-07
4.781 5.77149585004e-07
4.829 5.86268439643e-07
4.877 5.92919221606e-07
4.926 6.02205588761e-07
4.975 6.14062999555e-07
5.025 6.23527731211e-07
5.075 6.32977847395e-07
5.126 6.4253406472e-07
5.177 6.52042958463e-07
5.229 6.58918583573e-07
5.282 6.68509010691e-07
5.334 6.77862713799e-07
5.388 6.87335465522e-07
5.442 6.99455880449e-07
5.496 7.08607282204e-07
5.551 7.20522138595e-07
5.606 7.26506410193e-07
5.663 7.38261873021e-07
5.719 7.46835098376e-07
5.776 7.55330456137e-07
5.834 7.63760406781e-07
5.892 7.69059850912e-07
5.951 7.80323865442e-07
6.011 7.88603128692e-07
6.071 7.99891367967e-07
6.132 8.0823048408e-07
6.193 8.19706879189e-07
6.255 8.25180354535e-07
6.318 8.33992523067e-07
6.381 8.46183800857e-07
6.445 8.5563122804e-07
6.509 8.65454804196e-07
6.574 8.79022373017e-07
6.64 8.93033743741e-07
6.706 9.07197693681e-07
6.773 9.181081002e-07
6.841 9.28783058735e-07
6.909 9.42215434454e-07
6.978 9.54887470578e-07
7.048 9.69846852375e-07
7.119 9.83320702947e-07
7.19 9.9486318861e-07
7.262 1.0040802007e-06
7.334 1.01058364321e-06
7.408 1.01382434587e-06
7.482 1.01692815705e-06
7.557 1.01939003295e-06
7.632 1.4268324195e-06
7.709 1.01346588693e-06
7.786 1.00611651004e-06
7.864 9.99496428349e-07
