1.176 0.00693359365687
1.187 0.00703124981374
1.199 0.00703124981374
1.211 0.00703124981374
1.223 0.00712890643626
1.235 0.00712890643626
1.248 0.00712890643626
1.26 0.00712890643626
1.273 0.00712890643626
1.286 0.00712890643626
1.299 0.00712890643626
1.312 0.00712890643626
1.325 0.00712890643626
1.338 0.00712890643626
1.351 0.00703124981374
1.365 0.00703124981374
1.378 0.00703124981374
1.392 0.00693359365687
1.406 0.00693359365687
1.42 0.00693359365687
1.434 0.00693359365687
1.449 0.00693359365687
1.463 0.00693359365687
1.478 0.00693359365687
1.493 0.00693359365687
1.508 0.00693359365687
1.523 0.00693359365687
1.538 0.0068359375
1.553 0.0068359375
1.569 0.00673828134313
1.584 0.00673828134313
1.6 0.00673828134313
1.616 0.00673828134313
1.632 0.00673828134313
1.649 0.00673828134313
1.665 0.00673828134313
1.682 0.00673828134313
1.699 0.00673828134313
1.716 0.00869140587747
1.733 0.00673828134313
1.75 0.00673828134313
1.768 0.00771484384313
1.785 0.00673828134313
1.803 0.00673828134313
1.821 0.00673828134313
1.839 0.00673828134313
1.858 0.00673828134313
1.876 0.00673828134313
1.895 0.00898437481374
1.914 0.00664062518626
1.933 0.00664062518626
1.953 0.00664062518626
1.972 0.00654296856374
1.992 0.00654296856374
2.012 0.00654296856374
2.032 0.00654296856374
2.052 0.00644531240687
2.073 0.00634765625
2.094 0.00634765625
2.114 0.00732421875
2.136 0.00634765625
2.157 0.00634765625
2.179 0.00634765625
2.2 0.00634765625
2.222 0.00634765625
2.245 0.00634765625
2.267 0.00712890643626
2.29 0.00615234393626
2.313 0.00615234393626
2.336 0.00615234393626
2.359 0.00615234393626
2.383 0.00810546893626
2.406 0.00810546893626
2.43 0.00615234393626
2.455 0.00615234393626
2.479 0.00615234393626
2.504 0.00615234393626
2.529 0.00605468731374
2.554 0.00595703115687
2.58 0.00595703115687
2.580 9999
4.201 9999
4.201 0.0218749996275
4.243 0.0173828117549
4.286 0.0172851569951
4.328 0.0172851569951
4.372 0.0171875003725
4.415 0.01708984375
4.46 0.0168945305049
4.504 0.0201171878725
4.549 0.0165039058775
4.595 0.0164062492549
4.641 0.0162109378725
4.687 0.01611328125
4.734 0.0160156246275
4.781 0.0159179680049
4.829 0.0158203132451
4.877 0.0157226566225
4.926 0.015625
4.975 0.0155273433775
5.025 0.0155273433775
5.075 0.0154296876863
5.126 0.0153320310637
5.177 0.0153320310637
5.229 0.01513671875
5.282 0.0150390621275
5.334 0.0150390621275
5.388 0.0149414064363
5.442 0.0149414064363
5.496 0.0148437498137
5.551 0.0148437498137
5.606 0.0147460941225
5.663 0.0147460941225
5.719 0.0147
5.776 0.0146484375
5.834 0.0145507808775
5.892 0.0144531251863
5.951 0.0144531251863
6.011 0.0144531251863
6.071 0.0143554685637
6.132 0.0186523441225
6.193 0.0143554685637
6.255 0.0142578128725
6.318 0.01416015625
6.381 0.01416015625
6.445 0.01416015625
6.509 0.0140624996275
6.574 0.0139648439363
6.64 0.0159179680049
6.706 0.0139648439363
6.773 0.0139648439363
6.841 0.0137695316225
6.909 0.0137695316225
6.978 0.0137695316225
7.048 0.0137695316225
7.119 0.013671875
7.19 0.0153320310637
7.262 0.0135742183775
7.334 0.0135742183775
7.408 0.0134765626863
7.482 0.0134765626863
7.557 0.0133789060637
7.632 0.0133789060637
7.709 0.0133789060637
7.786 0.0133789060637
7.864 0.0133789060637
