1.176 4.90903174302e-06
1.187 2.80007631394e-06
1.199 2.94933232581e-06
1.211 5.37249397508e-06
1.223 6.01983140226e-06
1.235 5.1960111446e-06
1.248 4.6679814356e-06
1.26 3.86137347201e-06
1.273 4.84928562928e-06
1.286 4.64907208167e-06
1.299 2.10047843897e-06
1.312 2.05956138365e-06
1.325 2.01637407427e-06
1.338 1.96161608835e-06
1.351 2.59895695091e-06
1.365 2.77278676546e-06
1.378 1.84345022399e-06
1.392 4.33189271123e-06
1.406 7.03592997582e-06
1.42 7.18663226128e-06
1.434 4.98204625995e-06
1.449 3.92375892599e-06
1.463 3.34653728023e-06
1.478 2.8427475359e-06
1.493 1.24933388957e-06
1.508 1.26667056057e-06
1.523 1.6430463881e-06
1.538 1.60174070917e-06
1.553 2.42878365262e-06
1.569 3.92595414391e-06
1.584 7.63632002051e-06
1.6 3.92690510056e-06
1.616 2.24989411764e-06
1.632 1.42636324254e-06
1.649 1.31170325397e-06
1.665 1.30133717251e-06
1.682 1.13634206871e-06
1.699 1.27721204136e-06
1.716 3.69669293571e-06
1.733 4.29558022132e-06
1.75 2.81285872325e-06
1.768 1.62487358794e-06
1.785 1.26111893448e-06
1.803 1.59019046681e-06
1.821 2.25268574455e-06
1.839 2.65095451747e-06
1.858 4.14639399175e-06
1.876 3.95767850824e-06
1.895 1.75541113336e-06
1.914 9.30593605518e-07
1.933 1.49595130036e-06
1.953 2.2784458184e-06
1.972 1.38309643617e-06
1.992 1.16910202246e-06
2.012 2.73775540678e-06
2.032 2.25554345977e-06
2.052 1.36433245418e-06
2.073 8.75491226189e-07
2.094 5.98904948539e-07
2.114 8.59802478632e-07
2.136 1.53266641192e-06
2.157 2.02834679269e-06
2.179 2.25222085354e-06
2.2 1.12021593197e-06
2.222 9.03776383125e-07
2.245 8.57922352872e-07
2.267 1.10876865599e-06
2.29 1.36330646736e-06
2.313 1.72352564504e-06
2.336 9.55504111036e-07
2.359 8.69082240696e-07
2.383 1.04654665527e-06
2.406 1.36459472589e-06
2.43 1.61167260394e-06
2.455 1.28344503879e-06
2.479 7.18420298792e-07
2.504 7.63947730328e-07
2.529 1.69272781306e-06
2.554 2.21261965379e-06
2.58 2.10369991407e-06
2.60 9999
4.18 9999
4.201 1.3627255044e-06
4.243 8.2378897145e-07
4.286 1.02217946315e-06
4.328 1.65364096032e-06
4.372 2.08493623913e-06
4.415 2.26882036806e-06
4.46 1.83704679563e-06
4.504 1.51074762487e-06
4.549 1.20113578593e-06
4.595 1.15394761272e-06
4.641 1.23441152102e-06
4.687 2.08104056084e-06
4.734 2.77795112117e-06
4.781 2.20949363688e-06
4.829 1.12656048525e-06
4.877 1.15621251512e-06
4.926 1.48978887001e-06
4.975 1.62858872811e-06
5.025 1.93940353711e-06
5.075 1.80692969514e-06
5.126 1.7383677737e-06
5.177 1.51597984612e-06
5.229 1.44765513634e-06
5.282 1.71199688997e-06
5.334 2.75888188561e-06
5.388 3.15126755324e-06
5.442 1.71080079295e-06
5.496 1.05395039208e-06
5.551 1.08273457978e-06
5.606 1.30339226174e-06
5.663 1.60350766265e-06
5.719 2.37495727767e-06
5.776 2.50916326793e-06
5.834 2.47895784755e-06
5.892 4.02870848757e-06
5.951 1.54648405157e-06
6.011 8.38006914503e-07
6.071 1.04840363283e-06
6.132 2.58786564167e-06
6.193 4.26066711991e-06
6.255 4.3138610923e-06
6.318 2.42580169344e-06
6.381 1.52402793804e-06
6.445 1.51091909532e-06
6.509 1.80162003784e-06
6.574 1.72766879144e-06
6.64 2.59652387656e-06
6.706 3.52724424366e-06
6.773 2.36017181117e-06
6.841 1.09660963798e-06
6.909 2.59568014849e-06
6.978 2.58670207655e-06
7.048 1.75884900332e-06
7.119 1.8925046616e-06
7.19 2.89718709184e-06
7.262 1.26600790836e-06
7.334 2.26485676655e-06
7.408 3.11958709754e-06
7.482 1.82518464038e-06
7.557 2.53551932804e-06
7.632 5.05449645678e-06
7.709 3.28101306203e-06
7.786 1.87386667151e-06
7.864 1.12457568968e-06
