1.176 1.25152234075e-07
1.187 7.3406121376e-08
1.199 7.97677275168e-08
1.211 1.5162916388e-07
1.223 1.8399376291e-07
1.235 1.61988149692e-07
1.248 1.50224609131e-07
1.26 1.28979318991e-07
1.273 1.69921193567e-07
1.286 1.62557872225e-07
1.299 7.79601818944e-08
1.312 7.71177033716e-08
1.325 7.89721856035e-08
1.338 8.01063473494e-08
1.351 1.08202309609e-07
1.365 1.20211824462e-07
1.378 8.5224203249e-08
1.392 2.11080153793e-07
1.406 3.61224068739e-07
1.42 3.71415711096e-07
1.434 3.16805607294e-07
1.449 2.20566412019e-07
1.463 3.23920168506e-07
1.478 1.61673241441e-07
1.493 7.52640421321e-08
1.508 7.83870378548e-08
1.523 1.02447997227e-07
1.538 1.05483124786e-07
1.553 1.66168567614e-07
1.569 3.26594300506e-07
1.584 5.79947755429e-07
1.6 2.98559409479e-07
1.616 1.82422417783e-07
1.632 1.13062932311e-07
1.649 1.085928611e-07
1.665 1.09099017761e-07
1.682 9.86942248088e-08
1.699 1.18802370256e-07
1.716 3.68291715894e-07
1.733 4.18529419614e-07
1.75 3.03024107588e-07
1.768 1.68256417806e-07
1.785 1.35442897072e-07
1.803 1.7184463098e-07
1.821 2.57619088899e-07
1.839 3.89552210584e-07
1.858 5.17427599855e-07
1.876 4.79382232666e-07
1.895 2.2950105404e-07
1.914 1.28300435433e-07
1.933 2.00326616098e-07
1.953 3.10988951524e-07
1.972 2.0106344442e-07
1.992 1.85456126457e-07
2.012 4.08752194107e-07
2.032 3.50730647527e-07
2.052 2.2649466263e-07
2.073 1.43068987198e-07
2.094 1.02157623818e-07
2.114 1.47297362828e-07
2.136 2.78154730663e-07
2.157 4.07903749555e-07
2.179 4.20640319355e-07
2.2 2.23463838274e-07
2.222 1.78586146645e-07
2.245 1.74404999043e-07
2.267 2.30872808145e-07
2.29 3.00870119756e-07
2.313 3.80510005434e-07
2.336 2.13747329561e-07
2.359 2.0013587186e-07
2.383 2.48547563194e-07
2.406 3.34252446307e-07
2.43 4.03962768021e-07
2.455 3.20622367138e-07
2.479 1.85721915679e-07
2.504 2.02365029785e-07
2.529 4.55257467196e-07
2.554 6.41067778254e-07
2.58 6.59296209492e-07
2.60 9999
4.18 9999
4.201 4.68795485229e-07
4.243 2.82061871473e-07
4.286 3.40042342464e-07
4.328 5.55564969109e-07
4.372 7.35058580841e-07
4.415 7.93141457668e-07
4.46 6.53443085838e-07
4.504 5.11661987841e-07
4.549 4.11724660912e-07
4.595 3.99100406185e-07
4.641 4.32560075126e-07
4.687 7.50792077416e-07
4.734 1.01049317951e-06
4.781 7.96524243626e-07
4.829 4.18040719277e-07
4.877 4.23366457664e-07
4.926 5.51639159077e-07
4.975 6.17560342101e-07
5.025 7.48044131854e-07
5.075 7.25096448213e-07
5.126 6.69387491598e-07
5.177 5.97264277157e-07
5.229 5.75427193956e-07
5.282 6.96881424626e-07
5.334 1.16597405985e-06
5.388 1.26150274638e-06
5.442 7.00883378941e-07
5.496 4.22828922508e-07
5.551 4.37702896912e-07
5.606 5.25136082084e-07
5.663 6.42376844138e-07
5.719 9.85268075661e-07
5.776 1.07425033953e-06
5.834 1.12541350745e-06
5.892 1.5609840653e-06
5.951 6.1820651651e-07
6.011 3.4902854971e-07
6.071 4.23332565444e-07
6.132 1.06660220815e-06
6.193 1.85339608476e-06
6.255 1.84466518942e-06
6.318 1.13212221518e-06
6.381 6.4386250769e-07
6.445 6.33573024663e-07
6.509 7.75477166689e-07
6.574 7.82133757836e-07
6.64 1.19905240472e-06
6.706 1.56544738462e-06
6.773 1.10937230641e-06
6.841 5.51335340597e-07
6.909 1.235689865e-06
6.978 1.28764450319e-06
7.048 9.17523821595e-07
7.119 9.8272306709e-07
7.19 1.49320739527e-06
7.262 6.98662944899e-07
7.334 1.21555397301e-06
7.408 1.71438075183e-06
7.482 1.04331097549e-06
7.557 1.48500844028e-06
7.632 2.88121693539e-06
7.709 1.99624119621e-06
7.786 1.07273754218e-06
7.864 6.187631302e-07
