1.176 4.19041102768e-06
1.187 4.08836649678e-06
1.199 3.99895734209e-06
1.211 3.91346533315e-06
1.223 3.81547662177e-06
1.235 3.73749703199e-06
1.248 3.64000804284e-06
1.26 3.56891572896e-06
1.273 3.47924448115e-06
1.286 3.39346631479e-06
1.299 3.31134501123e-06
1.312 3.23266310257e-06
1.325 3.15722005272e-06
1.338 3.0848306457e-06
1.351 3.01532355423e-06
1.365 2.95587913473e-06
1.378 2.89159543284e-06
1.392 2.82509153535e-06
1.406 2.74970554342e-06
1.42 2.6886542025e-06
1.434 2.6299815299e-06
1.449 2.56961473974e-06
1.463 2.50490982464e-06
1.478 2.44937940515e-06
1.493 2.3859237561e-06
1.508 2.48326647488e-06
1.523 2.46978192276e-06
1.538 2.27645004981e-06
1.553 2.17443734747e-06
1.569 2.37371624635e-06
1.584 4.63645570257e-06
1.6 2.21818123062e-06
1.616 2.12205566036e-06
1.632 2.37350974922e-06
1.649 2.36549402702e-06
1.665 2.06245174096e-06
1.682 1.7844517458e-06
1.699 1.8811308129e-06
1.716 3.43184963072e-06
1.733 2.06349965285e-06
1.75 1.82059659078e-06
1.768 1.66372314778e-06
1.785 1.90176793324e-06
1.803 2.19848438077e-06
1.821 2.01612706317e-06
1.839 1.66029837547e-06
1.858 1.53167755352e-06
1.876 1.51205275007e-06
1.895 1.48548091213e-06
1.914 1.46615612869e-06
1.933 1.44150436246e-06
1.953 1.41658310565e-06
1.972 1.39974941057e-06
1.992 1.37665840965e-06
2.012 1.33735298123e-06
2.032 1.31072963275e-06
2.052 1.28512432636e-06
2.073 1.27046385755e-06
2.094 1.24574958211e-06
2.114 1.23345897913e-06
2.136 1.21485923539e-06
2.157 1.19788138875e-06
2.179 1.17580871617e-06
2.2 1.16536320584e-06
2.222 1.14490019288e-06
2.245 1.13436384616e-06
2.267 1.11065203032e-06
2.29 1.09199574944e-06
2.313 1.08352658416e-06
2.336 1.0663401476e-06
2.359 1.05448512584e-06
2.383 1.04277423891e-06
2.406 1.02767430399e-06
2.43 1.01281968613e-06
2.455 1.00266153742e-06
2.479 9.93504352049e-07
2.504 9.88882783035e-07
2.529 9.76223655609e-07
2.554 9.72735977537e-07
2.58 9.65307813252e-07
2.60 9999
4.18 9999
4.201 1.42643826413e-06
4.243 1.45157500024e-06
4.286 1.47582756202e-06
4.328 1.49826113851e-06
4.372 1.51985491906e-06
4.415 1.53268429071e-06
4.46 1.54422033919e-06
4.504 1.56051658178e-06
4.549 1.56143228979e-06
4.595 1.57452675749e-06
4.641 1.57208896013e-06
4.687 1.58209412419e-06
4.734 1.58392674074e-06
4.781 1.5847293556e-06
4.829 1.59875387018e-06
4.877 1.59838157861e-06
4.926 1.60491023144e-06
4.975 1.61177977345e-06
5.025 1.62643840441e-06
5.075 1.63518755734e-06
5.126 1.64506950462e-06
5.177 1.6560433461e-06
5.229 1.66115930306e-06
5.282 1.67450488939e-06
5.334 1.68879308654e-06
5.388 1.70442735818e-06
5.442 1.72109543751e-06
5.496 1.73872921229e-06
5.551 1.76471083882e-06
5.606 1.78420062845e-06
5.663 1.80465787019e-06
5.719 1.82514385564e-06
5.776 1.84582755735e-06
5.834 1.86635742353e-06
5.892 1.87852956522e-06
5.951 1.90480448603e-06
6.011 1.92952829847e-06
6.071 1.94434578242e-06
6.132 1.96449858288e-06
6.193 1.97437814867e-06
6.255 1.97389354041e-06
6.318 1.98604472217e-06
6.381 1.98772529144e-06
6.445 1.98656642563e-06
6.509 1.9827653373e-06
6.574 1.98375650253e-06
6.64 1.97436006447e-06
6.706 1.97731357497e-06
6.773 1.96267478894e-06
6.841 1.94555670201e-06
6.909 1.93372061912e-06
6.978 1.92680223066e-06
7.048 1.91095429881e-06
7.119 1.90025067149e-06
7.19 1.88810301825e-06
7.262 1.86749518535e-06
7.334 1.85865496306e-06
7.408 1.8409049775e-06
7.482 1.8280457992e-06
7.557 1.81925526516e-06
7.632 2.47928044725e-06
7.709 1.79672055266e-06
7.786 1.77802187045e-06
7.864 1.76965519359e-06
