1.176 2.15410025968e-06
1.187 1.22228014259e-06
1.199 1.28169386394e-06
1.211 2.32702171408e-06
1.223 2.60152282565e-06
1.235 2.24255682844e-06
1.248 2.01374373524e-06
1.26 1.66641693399e-06
1.273 2.09528152155e-06
1.286 2.01268113233e-06
1.299 9.11717842685e-07
1.312 8.9683209867e-07
1.325 8.81325183768e-07
1.338 8.6103026103e-07
1.351 1.14612409254e-06
1.365 1.22947984014e-06
1.378 8.21853527034e-07
1.392 1.94324357177e-06
1.406 3.17680793552e-06
1.42 3.26685550556e-06
1.434 2.28058120222e-06
1.449 1.81001075038e-06
1.463 1.55511413143e-06
1.478 1.33161533093e-06
1.493 5.89980826241e-07
1.508 6.03076070909e-07
1.523 7.88721239924e-07
1.538 7.75236822187e-07
1.553 1.18519648976e-06
1.569 1.93250354119e-06
1.584 3.78934163036e-06
1.6 1.96526502069e-06
1.616 1.13543902817e-06
1.632 7.25758121764e-07
1.649 6.73117177884e-07
1.665 6.73018435419e-07
1.682 5.92419882944e-07
1.699 6.71033129399e-07
1.716 1.95669290605e-06
1.733 2.2899133841e-06
1.75 1.50968061593e-06
1.768 8.78012490748e-07
1.785 6.8556966773e-07
1.803 8.69623059367e-07
1.821 1.23872901876e-06
1.839 1.46512423171e-06
1.858 2.30272886036e-06
1.876 2.20694772116e-06
1.895 9.8261626504e-07
1.914 5.22620256042e-07
1.933 8.42424912218e-07
1.953 1.28602701689e-06
1.972 7.81938285639e-07
1.992 6.61710816475e-07
2.012 1.55043022716e-06
2.032 1.27732032159e-06
2.052 7.72170546811e-07
2.073 4.94898588077e-07
2.094 3.37935099392e-07
2.114 4.84046265561e-07
2.136 8.60185410051e-07
2.157 1.13438438624e-06
2.179 1.25424953363e-06
2.2 6.20994740749e-07
2.222 4.98355789084e-07
2.245 4.70194884154e-07
2.267 6.0384150044e-07
2.29 7.37209031114e-07
2.313 9.24965855045e-07
2.336 5.08697440274e-07
2.359 4.5880443923e-07
2.383 5.47429319025e-07
2.406 7.07268702589e-07
2.43 8.27072324391e-07
2.455 6.51626697098e-07
2.479 3.60918152759e-07
2.504 3.79477938158e-07
2.529 8.31184928837e-07
2.554 1.07384401582e-06
2.58 1.00858667344e-06
2.60 9999
4.18 9999
4.201 5.44718391607e-07
4.243 3.31235065388e-07
4.286 4.13516472773e-07
4.328 6.72983448201e-07
4.372 8.53841575499e-07
4.415 9.34824904496e-07
4.46 7.61709490238e-07
4.504 6.30224300408e-07
4.549 5.04116536076e-07
4.595 4.8724774314e-07
4.641 5.24289840385e-07
4.687 8.88905901934e-07
4.734 1.19322904637e-06
4.781 9.54146962324e-07
4.829 4.8903475555e-07
4.877 5.04392515738e-07
4.926 6.53010337715e-07
4.975 7.17032255812e-07
5.025 8.57483211389e-07
5.075 8.02014239685e-07
5.126 7.74362943957e-07
5.177 6.77483473595e-07
5.229 6.48833337994e-07
5.282 7.69276145873e-07
5.334 1.24230640258e-06
5.388 1.42150755113e-06
5.442 7.72759940298e-07
5.496 4.76496760851e-07
5.551 4.89761978699e-07
5.606 5.8973007933e-07
5.663 7.25679857859e-07
5.719 1.07518775137e-06
5.776 1.136723584e-06
5.834 1.12439263429e-06
5.892 1.83075202934e-06
5.951 7.04698458546e-07
6.011 3.83318855161e-07
6.071 4.81944977274e-07
6.132 1.19721311448e-06
6.193 1.98651266596e-06
6.255 2.03051070552e-06
6.318 1.15488868639e-06
6.381 7.35235245135e-07
6.445 7.40250049917e-07
6.509 8.98288290852e-07
6.574 8.7869295684e-07
6.64 1.34950335539e-06
6.706 1.87487517821e-06
6.773 1.28361923904e-06
6.841 6.10090591575e-07
6.909 1.4753126282e-06
6.978 1.49948006051e-06
7.048 1.03737817802e-06
7.119 1.13215490108e-06
7.19 1.751134041e-06
7.262 7.69889117674e-07
7.334 1.37934948698e-06
7.408 1.89345611313e-06
7.482 1.09862341783e-06
7.557 1.50629057137e-06
7.632 2.95414804637e-06
7.709 1.88306331233e-06
7.786 1.05617900052e-06
7.864 6.23156330717e-07
