1.176 0.000932388326859
1.187 0.00073361975288
1.199 0.000578629418605
1.211 0.000467512379916
1.223 0.000387068235235
1.235 0.00032376361835
1.248 0.000272180262415
1.26 0.000233412376917
1.273 0.000199731862426
1.286 0.000172563195184
1.299 0.0001503528673
1.312 0.000131983369409
1.325 0.000117250938146
1.338 0.000104238812555
1.351 9.31761156438e-05
1.365 8.3029506119e-05
1.378 7.49503198394e-05
1.392 6.7437817369e-05
1.406 6.09467086362e-05
1.42 6.02532926417e-05
1.434 5.03747508558e-05
1.449 4.5755915014e-05
1.463 4.19687258994e-05
1.478 3.83866973722e-05
1.493 3.50389516905e-05
1.508 3.22499435877e-05
1.523 2.9767343843e-05
1.538 2.74034963336e-05
1.553 2.54253485087e-05
1.569 2.5661847282e-05
1.584 2.45064251702e-05
1.6 2.0404437352e-05
1.616 1.89191876641e-05
1.632 1.7673895137e-05
1.649 1.647728303e-05
1.665 1.5456032934e-05
1.682 1.4469376114e-05
1.699 2.59111560478e-05
1.716 2.56468434103e-05
1.733 1.348564462e-05
1.75 1.13857022738e-05
1.768 1.071977808e-05
1.785 1.01429487085e-05
1.803 9.63253837416e-06
1.821 9.1140154923e-06
1.839 8.63666129147e-06
1.858 8.21616845238e-06
1.876 7.80895192231e-06
1.895 7.41187610734e-06
1.914 7.08228332731e-06
1.933 6.74130695603e-06
1.953 6.40937815559e-06
1.972 6.11728959739e-06
1.992 5.86255012076e-06
2.012 5.5091259634e-06
2.032 5.26591101927e-06
2.052 5.01298213402e-06
2.073 4.79320219952e-06
2.094 4.58887280084e-06
2.114 4.40739612542e-06
2.136 4.2437414265e-06
2.157 4.07730735678e-06
2.179 3.89388956873e-06
2.2 3.76950107191e-06
2.222 3.62731017183e-06
2.245 3.48852455353e-06
2.267 3.32884497605e-06
2.29 3.20874993286e-06
2.313 3.09642128586e-06
2.336 2.99124867366e-06
2.359 2.89268067588e-06
2.383 2.78137579376e-06
2.406 2.69526564182e-06
2.43 2.59690958025e-06
2.455 2.51508596453e-06
2.479 2.44145873071e-06
2.504 2.61287331372e-06
2.529 2.30204071185e-06
2.554 2.25068639966e-06
2.58 3.08229841923e-06
2.60 9999
4.18 9999
4.201 1.03055613226e-06
4.243 1.02896497152e-06
4.286 1.02147144908e-06
4.328 1.01882043989e-06
4.372 1.01521695015e-06
4.415 1.00620670131e-06
4.46 9.96347455377e-07
4.504 9.91315509584e-07
4.549 9.75817805766e-07
4.595 9.64555300232e-07
4.641 9.52670699398e-07
4.687 9.44815442976e-07
4.734 9.31154108538e-07
4.781 9.16764903789e-07
4.829 9.05893499734e-07
4.877 8.85425403097e-07
4.926 8.77363768606e-07
4.975 8.64422278402e-07
5.025 8.50870772446e-07
5.075 8.33044904023e-07
5.126 8.1876853854e-07
5.177 8.04172224878e-07
5.229 7.85046434627e-07
5.282 7.65372415835e-07
5.334 7.49530398957e-07
5.388 7.32608414871e-07
5.442 7.15398023907e-07
5.496 6.97953367737e-07
5.551 6.7996130724e-07
5.606 6.61951789357e-07
5.663 6.4330415884e-07
5.719 6.22352659012e-07
5.776 6.04363184309e-07
5.834 5.86382218761e-07
5.892 5.66163688451e-07
5.951 5.48723360993e-07
6.011 5.31330470968e-07
6.071 5.14313634381e-07
6.132 4.97405912218e-07
6.193 4.80977309258e-07
6.255 4.62664285381e-07
6.318 4.46806367399e-07
6.381 4.3153191664e-07
6.445 4.16591603042e-07
6.509 4.00472932735e-07
6.574 3.86631397257e-07
6.64 3.74983176832e-07
6.706 3.62461173829e-07
6.773 3.50636561223e-07
6.841 3.3957069846e-07
6.909 3.29473561225e-07
6.978 3.21577347501e-07
7.048 3.14442172776e-07
7.119 3.08078641774e-07
7.19 3.02584024401e-07
7.262 2.96574801962e-07
7.334 2.93848694763e-07
7.408 2.90498261625e-07
7.482 2.89087146968e-07
7.557 2.88316847896e-07
7.632 5.28456271634e-07
7.709 2.89481494967e-07
7.786 2.9003212633e-07
7.864 2.9299509059e-07
